,Volume,Date,Market Cap,Negative,Positive,Avg
0,1.13307864682,-1.34939610744,1.75955114052,0.0,0.0,1.6957809219
1,1.28627790763,-1.352169575,1.54881840017,0.0,0.0,1.64594254388
2,1.24953274797,-1.35494304256,1.67576985568,0.0,0.0,1.58548311392
3,1.70354964546,-1.35771651012,1.70336316065,0.0,0.0,1.68378917381
4,1.43089919225,-1.36048997768,1.5830557152,0.0,0.0,1.60808317888
5,2.13211726961,-1.36326344523,1.41301356283,0.0,0.0,1.50550349618
6,2.08354249505,-1.36603691279,1.44431034709,0.0,0.0,1.43999226334
7,3.40568944951,-1.36881038035,1.25559185062,0.0,0.0,1.27792302712
8,2.11529523972,-1.37158384791,1.581672871,0.0,0.0,1.38802243605
9,1.50992660342,-1.37435731547,1.82371829038,0.0,0.0,1.68773034416
10,1.56199661588,-1.37713078302,1.73680573764,0.0,0.0,1.7474249994
11,3.05728785748,-1.37990425058,1.81418143382,0.0,0.0,1.69396382788
12,2.29980383993,-1.38267771814,2.1069470353,0.0,0.0,1.93506693501
13,1.77476819699,-1.57682044721,2.07215340364,0.0,0.0,2.06773959821
14,1.93808914126,-1.57959391477,2.39252820485,0.0,0.0,2.21976823377
15,1.5191806358,-1.58236738233,2.51224754414,0.0,0.0,2.44432110649
16,1.85939838967,-1.58514084989,2.43693816688,0.0,0.0,2.48926251331
17,1.64944051613,-1.58791431744,2.35620867614,0.0,0.0,2.38486841766
18,2.24144951561,-1.590687785,2.37757123482,0.0,0.0,2.34027554971
19,2.00249512651,-1.59346125256,2.42152024878,0.0,0.0,2.40527804984
20,2.29476489476,-1.59623472012,2.28253645925,0.0,0.0,2.33019473302
21,2.21802293673,-1.59900818768,2.29315415955,0.0,0.0,2.25755118832
22,2.45800646401,-1.60178165524,2.47686580632,0.0,0.0,2.35480023704
23,2.29317465731,-1.60455512279,2.81216578804,0.0,0.0,2.61635855452
24,2.80405417617,-1.60732859035,2.48217465647,0.0,0.0,2.65933607884
25,2.51356897731,-1.61010205791,2.42131361689,0.0,0.0,2.4507154543
26,3.68503477501,-1.61287552547,2.35919689119,0.0,0.0,2.41863647249
27,4.72791304192,-1.61564899303,2.42088445834,0.0,0.0,2.28300726125
28,4.73426304344,-1.61842246058,3.06293743116,0.0,0.0,2.66268741418
29,3.06382945388,-1.62119592814,3.04413392899,0.0,0.0,3.08560582531
30,2.60764206018,-1.6239693957,3.20487764622,0.0,0.0,3.10224855658
31,3.06733290299,-1.62674286326,3.09272421313,0.0,0.0,3.169402614
32,2.87631281416,-1.62951633082,2.95912874756,0.0,0.0,3.02851247656
33,4.09934500351,-1.63228979837,3.36287156982,0.0,0.0,3.1408626423
34,4.63764448583,-1.63506326593,3.26104973133,0.0,0.0,3.25665798076
35,4.13380471003,-1.63783673349,3.40337142066,0.0,0.0,3.35145385201
36,4.61385935082,-1.64061020105,3.76381691416,0.0,0.0,3.53589794345
37,3.91648138214,-1.64338366861,4.04372365406,0.0,0.0,3.88978554938
38,4.58668024949,-1.64615713617,4.02574667945,0.0,0.0,4.01002475849
39,6.09926703402,-1.64893060372,3.49576766592,0.0,0.0,3.76528344172
40,5.53606021815,-1.65170407128,3.4401677922,0.0,0.0,3.45140407701
41,4.1918032153,-1.65447753884,3.36167946275,0.0,0.0,3.41552468093
42,4.18487842916,-1.6572510064,3.00034386264,0.0,0.0,3.1888939803
43,2.39061980995,-1.66002447396,3.12982258513,0.0,0.0,3.04284278645
44,2.89563652568,1.47396613209,2.80558535702,0.0,0.0,2.98592370714
45,3.52962396194,1.47119266453,3.28080691916,0.0,0.0,3.01802949964
46,3.13901675636,1.46841919697,3.28404945039,0.0,0.0,3.3043608879
47,2.95043265949,1.46564572941,3.59495097409,0.0,0.0,3.39540326358
48,2.99178978146,1.46287226186,3.67423404159,0.0,0.0,3.64681373767
49,3.2563823017,1.4600987943,3.10707718225,0.0,0.0,3.41753548213
50,2.49284936028,1.45732532674,3.09588727056,0.0,0.0,3.11175294359
51,2.74126579907,1.45455185918,3.25855425387,0.0,0.0,3.10124985865
52,3.15557602756,1.45177839162,3.08250388186,0.0,0.0,3.2468452709
53,5.64959386602,1.44900492406,3.60119761514,0.0,0.0,3.20839204928
54,4.09455513167,1.44623145651,3.79902380961,0.0,0.0,3.73451818336
55,5.63637381976,1.44345798895,4.09623994416,0.0,0.0,3.93838661439
56,4.19798899264,1.44068452139,4.45730533334,0.0,0.0,4.27022913649
57,3.63552118557,1.43791105383,4.45345880119,0.0,0.0,4.44445165516
58,3.2181454391,1.43513758627,4.55106852804,0.0,0.0,4.56055531647
59,3.06103764286,1.43236411872,4.09385573002,0.0,0.0,4.34674012216
60,3.49059334915,1.42959065116,3.78486157763,0.0,0.0,3.98304650905
61,3.34481702115,1.4268171836,3.72657548932,0.0,0.0,3.79246947395
62,3.125714598,1.42404371604,4.02271078012,0.0,0.0,3.88501324786
63,3.57100845461,1.42127024848,3.8678163349,0.0,0.0,3.95791149405
64,2.90045376821,1.41849678093,3.47032015368,0.0,0.0,3.72963863911
65,3.25063445549,1.41572331337,3.40093952224,0.0,0.0,3.3555022651
66,3.38146638337,1.41294984581,3.76068564626,0.0,0.0,3.5202807208
67,5.3589170723,1.41017637825,4.10038847676,0.0,0.0,3.84892606899
68,4.48707828599,1.40740291069,3.15962526187,0.0,0.0,3.65188095669
69,3.03796414596,1.40462944313,2.53639168599,0.0,0.0,2.87333894793
70,1.46112738915,1.40185597558,2.47279674752,0.0,0.0,2.52021544646
71,1.25233003312,1.39908250802,2.37397901885,0.0,0.0,2.41783885468
72,1.38258717638,1.39630904046,2.31176692459,0.0,0.0,2.37862823127
73,0.980289946445,1.3935355729,2.28366498727,0.0,0.0,2.32176277332
74,1.43043389042,1.39076210534,2.07617477815,0.0,0.0,2.16340212479
75,1.84854043448,1.19384590871,1.99830634438,0.0,0.0,2.04462342761
76,2.7403078247,1.19107244116,2.0432885178,0.0,0.0,2.1076955586
77,1.31156295679,1.1882989736,1.97552915197,0.0,0.0,2.01786569604
78,1.12119976466,1.18552550604,1.8502307516,0.0,0.0,1.92388822087
79,1.07255108922,1.18275203848,1.70031136655,0.0,0.0,1.79492682642
80,0.762298773567,1.17997857092,1.55476304076,0.0,0.0,1.63383416932
81,0.958423497245,1.17720510337,1.51000339399,0.0,0.0,1.54188023043
82,0.730307903839,1.17443163581,1.5517748257,0.0,0.0,1.53749132167
83,0.568369179726,1.17165816825,1.51055971062,0.0,0.0,1.54633281455
84,0.744658359861,1.16888470069,1.54419302474,0.0,0.0,1.52482662545
85,0.528659773667,1.16611123313,1.49968769415,0.0,0.0,1.53404681922
86,0.435837531618,1.16333776557,1.4270168472,0.0,0.0,1.47188625144
87,0.577582156069,1.16056429802,1.40841997692,0.0,0.0,1.42076230119
88,0.847041186096,1.15779083046,1.44976225008,0.0,0.0,1.44036426156
89,0.976269191172,1.1550173629,1.30890287876,0.0,0.0,1.38745673064
90,0.723656824661,1.15224389534,1.12616081241,0.0,0.0,1.22581646535
91,0.448917987335,1.14947042778,1.10656257218,0.0,0.0,1.12505186586
92,1.28814185204,1.14669696023,0.941177584756,0.0,0.0,1.03987834862
93,2.02553577858,1.14392349267,1.03576730702,0.0,0.0,0.988694074326
94,0.91738661242,1.14115002511,1.12131291032,0.0,0.0,1.10022651424
95,0.99938100705,1.13837655755,1.26825997508,0.0,0.0,1.19990595135
96,0.45689380821,1.13560308999,1.34040629492,0.0,0.0,1.30701596915
97,0.833500902682,1.13282962243,1.25926354039,0.0,0.0,1.33065963993
98,0.210582175966,1.13005615488,1.22771243996,0.0,0.0,1.26044179175
99,0.425595417097,1.12728268732,1.32821501329,0.0,0.0,1.28960913343
100,0.225381511406,1.12450921976,1.32835806614,0.0,0.0,1.34882990985
101,0.253680074215,1.1217357522,1.2645882853,0.0,0.0,1.30231136461
102,0.496200865034,1.11896228464,1.24405225419,0.0,0.0,1.28159676091
103,0.847615970717,1.11618881709,1.16181276116,0.0,0.0,1.22950360448
104,0.359473289198,1.11341534953,1.07243652048,0.0,0.0,1.12032715331
105,0.206487519813,0.919272620456,0.990467238385,0.0,0.0,1.04128322839
106,0.0588965146518,0.916499152898,0.98574649439,0.0,0.0,0.99617693586
107,0.356385874665,0.91372568534,0.890168117994,0.0,0.0,0.95511369428
108,-0.0418905999944,0.910952217782,0.898907057551,0.0,0.0,0.902714896066
109,0.0419212088637,0.908178750224,0.928404554876,0.0,0.0,0.922221678511
110,0.0952694328424,0.905405282666,0.888027093697,0.0,0.0,0.919068071962
111,0.112225579143,0.902631815107,0.828725330161,0.0,0.0,0.857189686623
112,0.322626857963,0.899858347549,0.937245220903,0.0,0.0,0.888977102266
113,0.231247051603,0.897084879991,0.955683143576,0.0,0.0,0.945448443177
114,0.130739118058,0.894311412433,0.9635733029,0.0,0.0,0.956796064618
115,0.177945357808,0.891537944875,0.952847518227,0.0,0.0,0.975205619874
116,0.218270604531,0.888764477317,0.876309475943,0.0,0.0,0.922828270207
117,0.0611929160636,0.885991009759,0.843234067934,0.0,0.0,0.86657744716
118,0.23054362471,0.8832175422,0.848371254665,0.0,0.0,0.825161645103
119,0.0724231127177,0.880444074642,0.88459700429,0.0,0.0,0.870095678994
120,0.123469461145,0.877670607084,0.870128003419,0.0,0.0,0.8776991886
121,0.11470262715,0.874897139526,0.909116262493,0.0,0.0,0.885182050133
122,0.0306718527222,0.872123671968,0.85811156416,0.0,0.0,0.889164777044
123,0.56342876906,0.86935020441,0.810576692136,0.0,0.0,0.854569612659
124,0.337929814212,0.866576736851,0.642796364237,0.0,0.0,0.731031349044
125,-0.0916067325864,0.863803269293,0.632011768949,0.0,0.0,0.643607745255
126,0.0109950592184,0.861029801735,0.628413195075,0.0,0.0,0.64390132223
127,0.112704566327,0.858256334177,0.585572045953,0.0,0.0,0.616020223053
128,-0.0665379119296,0.855482866619,0.536598698066,0.0,0.0,0.565108747461
129,-0.177920770492,0.852709399061,0.520540221103,0.0,0.0,0.53100824017
130,-0.133303251189,0.849935931502,0.508547623985,0.0,0.0,0.522154012218
131,-0.108168740862,0.847162463944,0.483483175482,0.0,0.0,0.499090792717
132,-0.120485554155,0.844388996386,0.506988347938,0.0,0.0,0.50086565991
133,-0.0736132368993,0.841615528828,0.530334572785,0.0,0.0,0.521365107881
134,-0.034278809379,0.83884206127,0.526867925427,0.0,0.0,0.537151237838
135,-0.0954577895428,0.836068593712,0.512309913896,0.0,0.0,0.521434815655
136,-0.095665806834,0.639152397082,0.46604503327,0.0,0.0,0.495010877081
137,-0.0519821756863,0.636378929524,0.467357940523,0.0,0.0,0.465820746322
138,0.0425206271106,0.633605461966,0.473938371546,0.0,0.0,0.477366766815
139,0.0355575219953,0.630831994408,0.393606249829,0.0,0.0,0.439001350179
140,-0.140474373596,0.62805852685,0.402853821736,0.0,0.0,0.403615940922
141,-0.0500224338378,0.625285059292,0.337686891418,0.0,0.0,0.37539300554
142,-0.215942225715,0.622511591733,0.367778852802,0.0,0.0,0.355456581906
143,-0.172122014793,0.619738124175,0.323840965176,0.0,0.0,0.348356442867
144,-0.0991199886954,0.616964656617,0.323241732689,0.0,0.0,0.33055481984
145,-0.0398213753611,0.614191189059,0.395170294304,0.0,0.0,0.363534640594
146,-0.0939195564159,0.611417721501,0.398999342211,0.0,0.0,0.407026259757
147,0.00191893635588,0.608644253943,0.440354331187,0.0,0.0,0.423801033638
148,0.105716827585,0.605870786384,0.313097696266,0.0,0.0,0.381233042493
149,-0.0869892961361,0.603097318826,0.316971249504,0.0,0.0,0.312396614734
150,0.0715554616479,0.600323851268,0.325137977667,0.0,0.0,0.329810823396
151,0.709202359994,0.59755038371,0.200871147277,0.0,0.0,0.257721589561
152,0.317319679968,0.594776916152,0.387445440495,0.0,0.0,0.299337801471
153,0.181314690511,0.592003448594,0.454848763675,0.0,0.0,0.422109949829
154,0.0841815638086,0.589229981035,0.464404693943,0.0,0.0,0.475268160629
155,9.87850580576e-05,0.586456513477,0.4520481068,0.0,0.0,0.469587647238
156,0.0334253447607,0.583683045919,0.480056265026,0.0,0.0,0.463149732061
157,-0.0467324761536,0.580909578361,0.480041959741,0.0,0.0,0.485271226334
158,0.313099118613,0.578136110803,0.578637161761,0.0,0.0,0.531606118394
159,0.0787320581936,0.575362643245,0.574262923555,0.0,0.0,0.582901657016
160,0.168365614135,0.572589175686,0.518213228104,0.0,0.0,0.558246553231
161,0.312299894283,0.569815708128,0.479043768755,0.0,0.0,0.495457274948
162,0.39149974083,0.56704224057,0.574429818544,0.0,0.0,0.528782953509
163,0.102974283825,0.564268773012,0.572620994751,0.0,0.0,0.580522879196
164,0.318915391557,0.561495305454,0.655574162544,0.0,0.0,0.622385749386
165,0.285233012803,0.558721837896,0.602927535408,0.0,0.0,0.638461434716
166,0.10618760356,0.364579108825,0.564365255926,0.0,0.0,0.59691291978
167,0.104249758268,0.361805641266,0.568089398411,0.0,0.0,0.576078338276
168,0.254304126089,0.359032173708,0.520360610305,0.0,0.0,0.55680480877
169,0.110128983814,0.35625870615,0.518995250341,0.0,0.0,0.519915990482
170,-0.00533977227844,0.353485238592,0.50852537132,0.0,0.0,0.52435181793
171,-0.0124150972482,0.350711771034,0.515517476651,0.0,0.0,0.518413251718
172,0.0468041410671,0.347938303476,0.505122303005,0.0,0.0,0.524727837755
173,0.13159308378,0.345164835917,0.453763151503,0.0,0.0,0.491982610473
174,0.222482954677,0.342391368359,0.440874089869,0.0,0.0,0.464889745367
175,0.604145416739,0.339617900801,0.417000158959,0.0,0.0,0.419813614858
176,0.34046981482,0.336844433243,0.441098205998,0.0,0.0,0.439100549705
177,0.151305459189,0.334070965685,0.466936729358,0.0,0.0,0.46277304197
178,0.388349373697,0.331297498127,0.453273592867,0.0,0.0,0.462915138588
179,0.37901322922,0.328524030568,0.502124551095,0.0,0.0,0.484714234401
180,0.272719130497,0.32575056301,0.51774274318,0.0,0.0,0.52319091537
181,0.195719887925,0.322977095452,0.469320943497,0.0,0.0,0.490219137821
182,0.465597689604,0.320203627894,0.502426551553,0.0,0.0,0.484753109891
183,0.24801160303,0.317430160336,0.433869268729,0.0,0.0,0.4736568386
184,0.438511648637,0.314656692778,0.384942015649,0.0,0.0,0.427674507017
185,0.181363957764,0.311883225219,0.32466908222,0.0,0.0,0.365974412718
186,0.127060496488,0.309109757661,0.251964856271,0.0,0.0,0.297427540331
187,-0.0114571228809,0.306336290103,0.24348818027,0.0,0.0,0.258535964047
188,-0.0240886991808,0.303562822545,0.263995600816,0.0,0.0,0.25433070847
189,0.0535893366571,0.300789354987,0.250729833347,0.0,0.0,0.266900897041
190,-0.0204429224459,0.298015887429,0.209355770659,0.0,0.0,0.236702014346
191,-0.12369887389,0.295242419871,0.221016167273,0.0,0.0,0.219955391683
192,0.106398357921,0.292468952312,0.126558371522,0.0,0.0,0.179400212539
193,-0.151866057358,0.289695484754,0.102684440612,0.0,0.0,0.114417150147
194,-0.205874736236,0.286922017196,0.0770970544747,0.0,0.0,0.0920885433505
195,-0.126457840068,0.284148549638,0.0816175244818,0.0,0.0,0.0824487623959
196,-0.0635818767391,0.28137508208,0.119304002636,0.0,0.0,0.104406711504
197,-0.190607909305,0.0872323530085,0.0909159596232,0.0,0.0,0.107911537996
198,-0.232931764265,0.0844588854504,0.0806622493502,0.0,0.0,0.083523200504
199,-0.206162402253,0.0816854178922,0.102215545165,0.0,0.0,0.0935825686424
200,-0.0484102998311,0.0789119503341,0.0687999892716,0.0,0.0,0.0956530236117
201,-0.210170019592,0.0761384827759,0.0317985753135,0.0,0.0,0.0532405344263
202,-0.169579277115,0.0733650152177,0.0419473801643,0.0,0.0,0.0355206839815
203,-0.0265164799345,0.0705915476596,0.0889179881749,0.0,0.0,0.0632858269563
204,-0.188993311936,0.0678180801014,0.0823296097713,0.0,0.0,0.0888223319341
205,-0.132509500999,0.0650446125433,0.101967586895,0.0,0.0,0.0928848206259
206,-0.103964601924,0.0622711449851,0.0653857946249,0.0,0.0,0.091159553196
207,-0.0184804435278,0.059497677427,0.10972264075,0.0,0.0,0.0889845365642
208,0.189484843329,0.0567242098688,-0.0390872899854,0.0,0.0,0.0415061688879
209,-0.0853607397117,0.0539507423106,-0.0252429532194,0.0,0.0,-0.0258000391582
210,-0.0121851834,0.0511772747525,-0.0487417677714,0.0,0.0,-0.0357957319253
211,-0.0972231994482,0.0484038071943,-0.1274907713,0.0,0.0,-0.0881194602274
212,-0.102393523962,0.0456303396362,-0.112031526824,0.0,0.0,-0.121669007989
213,-0.154195851019,0.042856872078,-0.0498242009905,0.0,0.0,-0.0796479547702
214,-0.184606063041,0.0400834045198,-0.0157808020405,0.0,0.0,-0.0334082406334
215,-0.197397210499,0.0373099369617,-0.00484679599996,0.0,0.0,-0.00751917517849
216,-0.1203103817,0.0345364694035,-0.0232068343448,0.0,0.0,-0.013966474094
217,-0.0621887083022,0.0317630018454,-0.00940541343335,0.0,0.0,-0.0137318806206
218,-0.122010101934,0.0289895342872,0.0269109363289,0.0,0.0,0.00786010266907
219,-0.281675416021,0.026216066729,0.0392166602373,0.0,0.0,0.0405711463298
220,-0.225435751695,0.0234425991709,0.0254597446564,0.0,0.0,0.0346144829072
221,-0.175051226701,0.0206691316127,0.048451516335,0.0,0.0,0.0605538183921
222,-0.217600342491,0.0178956640546,0.0482480633951,0.0,0.0,0.0520286915695
223,-0.168440108739,0.0151221964964,0.0468079980553,0.0,0.0,0.0487437126752
224,-0.156410687756,0.0123487289382,0.0357945182101,0.0,0.0,0.0479072193758
225,-0.162269111572,0.00957526138008,0.0194117881243,0.0,0.0,0.0334636343535
226,-0.206162128546,0.00680179382192,0.00309263708226,0.0,0.0,0.0142872935726
227,-0.212685386573,0.00402832626376,0.0176792591835,0.0,0.0,0.0149347715591
228,-0.190690568808,-0.192887870366,0.0297735827716,0.0,0.0,0.0280793790059
229,-0.166137412067,-0.195661337924,0.0371042465104,0.0,0.0,0.0380281530784
230,-0.102119817,-0.198434805482,0.0332322827489,0.0,0.0,0.0387004309464
231,-0.0183873831607,-0.20120827304,0.0137008005238,0.0,0.0,0.0186004621474
232,0.0290980376903,-0.203981740598,0.0428851710589,0.0,0.0,0.0282670537847
233,-0.108352124526,-0.206755208156,0.0471735775566,0.0,0.0,0.0530991080752
234,-0.157167761213,-0.209528675715,0.0813330082613,0.0,0.0,0.070347090505
235,-0.163033575117,-0.212302143273,0.0731154168629,0.0,0.0,0.0861265177914
236,-0.125639456251,-0.215075610831,0.068788862939,0.0,0.0,0.0753184613394
237,0.019052992182,-0.217849078389,0.0735111964099,0.0,0.0,0.0799030880762
238,0.0813514338207,-0.220622545947,0.0426308548841,0.0,0.0,0.0688691516227
239,-0.030143097182,-0.223396013505,0.0315458486148,0.0,0.0,0.0477014473863
240,-0.103545830272,-0.226169481063,0.0591820694357,0.0,0.0,0.0498168102491
241,-0.00614720781658,-0.228942948622,0.0222728450909,0.0,0.0,0.0469996777674
242,-0.0990214541891,-0.23171641618,0.0106203958565,0.0,0.0,0.0183899982884
243,0.128448190786,-0.234489883738,0.0183643233794,0.0,0.0,0.00489283036438
244,0.0382070053883,-0.237263351296,0.0749019879909,0.0,0.0,0.0525615538876
245,0.0613735626586,-0.240036818854,0.065457321049,0.0,0.0,0.0803327292661
246,0.277144972074,-0.242810286412,0.136301859969,0.0,0.0,0.0998589494559
247,0.0534908021507,-0.245583753971,0.133401066101,0.0,0.0,0.140676873289
248,0.126430970475,-0.248357221529,0.103561831415,0.0,0.0,0.122964395782
249,-0.0569362716999,-0.251130689087,0.0980892652288,0.0,0.0,0.113258258388
250,-0.0754881295896,-0.253904156645,0.0753597571055,0.0,0.0,0.092063073202
251,-0.0107454847795,-0.256677624203,0.114026942009,0.0,0.0,0.102728362769
252,0.145787526833,-0.259451091761,0.0674743662104,0.0,0.0,0.107642090635
253,-0.051363597952,-0.26222455932,0.0209488115058,0.0,0.0,0.0507665786828
254,-0.0552474997439,-0.264998026878,0.0300771727052,0.0,0.0,0.0307785444839
255,-0.0115009159948,-0.267771494436,0.0159133512447,0.0,0.0,0.0251831550103
256,-0.0656729979294,-0.270544961994,-0.00749168421794,0.0,0.0,0.00774950860305
257,0.0263335973733,-0.273318429552,-0.0376662983586,0.0,0.0,-0.0138009181285
258,-0.00332255196792,-0.467461158623,-0.0640436541143,0.0,0.0,-0.047493903042
259,-0.0309286361632,-0.470234626182,-0.0463957010589,0.0,0.0,-0.0523794796919
260,-0.153917491038,-0.47300809374,-0.0714061073749,0.0,0.0,-0.0542629301496
261,-0.112173073717,-0.475781561298,-0.0988658963496,0.0,0.0,-0.0742342076717
262,0.0392799366796,-0.478555028856,-0.0619709772896,0.0,0.0,-0.0863077283459
263,0.0565234752906,-0.481328496414,-0.0296489809479,0.0,0.0,-0.0314852444187
264,0.232577267439,-0.484101963972,0.00285262619229,0.0,0.0,0.0108179912348
265,0.0460952400354,-0.48687543153,-0.0296712336132,0.0,0.0,-0.0019257965061
266,-0.0487798042299,-0.489648899089,-0.0634730321971,0.0,0.0,-0.0420613884657
267,0.105445857692,-0.492422366647,-0.102081406485,0.0,0.0,-0.0737609991226
268,-0.111976004704,-0.495195834205,-0.0959492077198,0.0,0.0,-0.0920961547347
269,-0.163028922099,-0.497969301763,-0.117518398295,0.0,0.0,-0.101224521917
270,-0.109394948052,-0.500742769321,-0.140143000997,0.0,0.0,-0.124601426406
271,-0.181371394163,-0.503516236879,-0.160623400449,0.0,0.0,-0.148791364846
272,-0.134729264462,-0.506289704438,-0.184556141974,0.0,0.0,-0.170720492471
273,-0.163655984749,-0.509063171996,-0.180717557211,0.0,0.0,-0.180315365532
274,-0.225928697933,-0.511836639554,-0.163451078418,0.0,0.0,-0.172300311947
275,-0.306489689203,-0.514610107112,-0.165477660436,0.0,0.0,-0.162273116628
276,-0.267503143231,-0.51738357467,-0.185708512141,0.0,0.0,-0.177401714593
277,-0.223340798607,-0.520157042228,-0.153938064004,0.0,0.0,-0.168818274535
278,-0.207327299084,-0.522930509787,-0.170953405574,0.0,0.0,-0.159564567411
279,-0.17551351776,-0.525703977345,-0.177192099238,0.0,0.0,-0.173441106495
280,-0.106485443045,-0.528477444903,-0.185710101617,0.0,0.0,-0.174925748048
281,-0.0592983627826,-0.531250912461,-0.21870285687,0.0,0.0,-0.200965623593
282,-0.130541547942,-0.534024380019,-0.223280548017,0.0,0.0,-0.221601806045
283,-0.266710761576,-0.536797847577,-0.229207704366,0.0,0.0,-0.226679079076
284,-0.167216638619,-0.539571315136,-0.233380079109,0.0,0.0,-0.227500156233
285,-0.170634417454,-0.542344782694,-0.246432856781,0.0,0.0,-0.2353181513
286,-0.266364248562,-0.545118250252,-0.256046008188,0.0,0.0,-0.251665294792
287,-0.295502544331,-0.54789171781,-0.264579905329,0.0,0.0,-0.259754748021
288,-0.230829421089,-0.550665185368,-0.283469239213,0.0,0.0,-0.273892020994
289,-0.313080826557,-0.747581381997,-0.290358028598,0.0,0.0,-0.288633204594
290,-0.310455703083,-0.750354849556,-0.291448409197,0.0,0.0,-0.292021404617
291,-0.281775866476,-0.753128317114,-0.291508809289,0.0,0.0,-0.293641440117
292,-0.303204931951,-0.755901784672,-0.300835855,0.0,0.0,-0.297479389341
293,-0.335930978579,-0.75867525223,-0.30498915603,0.0,0.0,-0.303698127187
294,-0.359764012302,-0.761448719788,-0.309051856922,0.0,0.0,-0.308680892562
295,-0.361611534296,-0.764222187346,-0.319652072983,0.0,0.0,-0.316264294155
296,-0.355276586659,-0.766995654905,-0.313917243241,0.0,0.0,-0.319285858092
297,-0.35791265841,-0.769769122463,-0.31633801533,0.0,0.0,-0.317732179032
298,-0.351659275448,-0.772542590021,-0.314640454864,0.0,0.0,-0.317429218317
299,-0.339906024789,-0.775316057579,-0.31942159895,0.0,0.0,-0.318341451795
300,-0.347308976992,-0.778089525137,-0.319184767012,0.0,0.0,-0.32144813965
301,-0.352108975986,-0.780862992695,-0.323969090051,0.0,0.0,-0.323206250166
302,-0.356849033156,-0.783636460254,-0.326723652119,0.0,0.0,-0.328036864916
303,-0.376001677827,-0.786409927812,-0.329511593185,0.0,0.0,-0.330002758223
304,-0.370437762702,-0.78918339537,-0.330919869003,0.0,0.0,-0.331517561794
305,-0.35640535417,-0.791956862928,-0.330168046812,0.0,0.0,-0.331807117167
306,-0.32981691246,-0.794730330486,-0.322260403251,0.0,0.0,-0.328846547533
307,-0.34713353083,-0.797503798044,-0.321314664976,0.0,0.0,-0.323722355808
308,-0.36698275972,-0.800277265603,-0.325841492888,0.0,0.0,-0.325135278784
309,-0.367064598101,-0.803050733161,-0.32591778774,0.0,0.0,-0.328097188952
310,-0.359822311885,-0.805824200719,-0.328727981472,0.0,0.0,-0.328787564031
311,-0.368863126549,-0.808597668277,-0.329773856741,0.0,0.0,-0.331291011526
312,-0.339382149664,-0.811371135835,-0.328185970124,0.0,0.0,-0.330644203806
313,-0.286228257628,-0.814144603393,-0.341949243609,0.0,0.0,-0.3362168042
314,-0.312624009637,-0.816918070951,-0.33983365093,0.0,0.0,-0.343926886269
315,-0.306732193571,-0.81969153851,-0.336920141253,0.0,0.0,-0.340703571945
316,-0.267281714299,-0.822465006068,-0.347957463239,0.0,0.0,-0.344341781583
317,-0.285416716485,-0.825238473626,-0.353762229929,0.0,0.0,-0.35343261381
318,-0.346878435941,-0.828011941184,-0.356089222929,0.0,0.0,-0.357507837576
319,-0.303727712249,-1.02215467026,-0.367755977448,0.0,0.0,-0.364547652579
320,-0.329543205498,-1.02492813781,-0.363769571408,0.0,0.0,-0.368704648927
321,-0.344463245708,-1.02770160537,-0.362798401515,0.0,0.0,-0.367425109097
322,-0.336833937847,-1.03047507293,-0.363218023204,0.0,0.0,-0.365612036681
323,-0.324187855078,-1.03324854049,-0.381965893715,0.0,0.0,-0.375525956866
324,-0.343037232435,-1.03602200805,-0.38149222984,0.0,0.0,-0.384461287133
325,-0.306870963001,-1.0387954756,-0.391188034004,0.0,0.0,-0.392109034365
326,-0.291752758951,-1.04156894316,-0.364926710003,0.0,0.0,-0.381250037616
327,-0.358126149841,-1.04434241072,-0.361963926567,0.0,0.0,-0.366183774489
328,-0.321914445051,-1.04711587828,-0.343785088496,0.0,0.0,-0.357532637458
329,-0.333807012553,-1.04988934584,-0.360657377219,0.0,0.0,-0.354245647762
330,-0.347728022351,-1.0526628134,-0.3653590475,0.0,0.0,-0.365138157865
331,-0.31485088948,-1.05543628095,-0.380996313299,0.0,0.0,-0.373923348309
332,-0.256098595242,-1.05820974851,-0.349322823203,0.0,0.0,-0.368218035037
333,-0.232752212498,-1.06098321607,-0.328610360241,0.0,0.0,-0.340409324702
334,-0.251372770835,-1.06375668363,-0.310301185131,0.0,0.0,-0.321009114721
335,-0.344641976354,-1.06653015119,-0.313214694809,0.0,0.0,-0.312190410923
336,-0.359011318156,-1.06930361874,-0.315315982203,0.0,0.0,-0.315102051062
337,-0.322068815777,-1.0720770863,-0.318026038941,0.0,0.0,-0.317085371312
338,-0.363973625379,-1.07485055386,-0.329699151364,0.0,0.0,-0.324308169224
339,-0.3486066217,-1.07762402142,-0.345269659167,0.0,0.0,-0.337582138215
340,-0.271838387804,-1.08039748898,-0.326488409657,0.0,0.0,-0.334130262821
341,-0.368049943165,-1.08317095653,-0.336572045988,0.0,0.0,-0.332539719071
342,-0.335117521488,-1.08594442409,-0.317833712333,0.0,0.0,-0.327449710966
343,-0.346434483249,-1.08871789165,-0.305001871838,0.0,0.0,-0.312460528551
344,-0.384096287524,-1.09149135921,-0.306515053079,0.0,0.0,-0.305503156398
345,-0.389441784493,-1.09426482677,-0.309946731962,0.0,0.0,-0.309131982298
346,-0.375991003256,-1.09703829433,-0.304021165089,0.0,0.0,-0.308077652202
347,-0.339733315696,-1.09981176188,-0.310936975568,0.0,0.0,-0.307123862165
348,-0.325353846736,-1.10258522944,-0.317674764724,0.0,0.0,-0.314046380431
349,-0.363458782583,-1.105358697,-0.329198466395,0.0,0.0,-0.324013921982
350,-0.375529533318,-1.30782182875,-0.329058592499,0.0,0.0,-0.329307021008
351,-0.390141653195,-1.3105952963,-0.333450314943,0.0,0.0,-0.331763549808
352,-0.394270249011,-1.31336876386,-0.338511206821,0.0,0.0,-0.337257728954
353,-0.387844978076,-1.31614223142,-0.331825870376,0.0,0.0,-0.336818704026
354,-0.335622237126,-1.31891569898,-0.33127114322,0.0,0.0,-0.332458616756
355,-0.374298399402,-1.32168916654,-0.345563712244,0.0,0.0,-0.339239708671
356,-0.388901760657,-1.32446263409,-0.346228113251,0.0,0.0,-0.347242027181
357,-0.375005931899,-1.32723610165,-0.355391442924,0.0,0.0,-0.351895021159
358,-0.396188387401,-1.33000956921,-0.363286370676,0.0,0.0,-0.361138674277
359,-0.404961981959,-1.33278303677,-0.361754115722,0.0,0.0,-0.364352604862
360,-0.399036171488,-1.33555650433,-0.363213254775,0.0,0.0,-0.363763440111
361,-0.388799394253,-1.33832997189,-0.369176969075,0.0,0.0,-0.3678219072
362,-0.392685211994,-1.34110343944,-0.373953344733,0.0,0.0,-0.372850921002
363,-0.401585505504,-1.343876907,-0.374350713756,0.0,0.0,-0.37633630975
364,-0.388396497605,-1.34665037456,-0.37810346681,0.0,0.0,-0.378336386677
365,-0.398616441862,-1.34942384212,-0.376299411445,0.0,0.0,-0.38012264841
366,-0.407669847047,-1.35219730968,-0.375135914945,0.0,0.0,-0.377658746672
367,-0.398163730547,-1.35497077723,-0.378918868046,0.0,0.0,-0.378926221696
368,-0.374025239854,-1.35774424479,-0.377219718103,0.0,0.0,-0.382651566053
369,-0.314694329098,-1.36051771235,-0.359520901812,0.0,0.0,-0.371155145323
370,-0.370904159365,-1.36329117991,-0.360163050154,0.0,0.0,-0.361741914637
371,-0.386190145784,-1.36606464747,-0.365886753563,0.0,0.0,-0.364308367236
372,-0.3955632407,-1.36883811503,-0.368925831852,0.0,0.0,-0.368612152072
373,-0.394893753471,-1.37161158258,-0.365079299708,0.0,0.0,-0.368779048571
374,-0.383711181828,-1.37438505014,-0.368235999228,0.0,0.0,-0.368884280501
375,-0.371062088283,-1.3771585177,-0.373365238578,0.0,0.0,-0.372320069485
376,-0.386241055279,-1.37993198526,-0.378901383809,0.0,0.0,-0.378050182639
377,-0.385067126118,-1.38270545282,-0.383827170219,0.0,0.0,-0.383327195256
378,-0.381106038963,-1.57684818189,-0.396673315999,0.0,0.0,-0.39240730321
379,-0.404741921561,-1.57962164945,-0.396908558461,0.0,0.0,-0.39919643833
380,-0.409497744251,-1.582395117,-0.396446020918,0.0,0.0,-0.399123379219
381,-0.407273081434,-1.58516858456,-0.397053200785,0.0,0.0,-0.399057693047
382,-0.391777326,-1.58794205212,-0.397456927713,0.0,0.0,-0.399589885098
383,-0.390035454894,-1.59071551968,-0.401576849745,0.0,0.0,-0.401979387191
384,-0.393080992261,-1.59348898724,-0.404286906483,0.0,0.0,-0.405540516117
385,-0.395676281675,-1.59626245479,-0.399507351872,0.0,0.0,-0.403435877527
386,-0.406011566046,-1.59903592235,-0.395733935629,0.0,0.0,-0.398628722124
387,-0.394246436505,-1.60180938991,-0.396611326432,0.0,0.0,-0.39926949744
388,-0.395728559705,-1.60458285747,-0.403471505247,0.0,0.0,-0.402065851643
389,-0.402415111306,-1.60735632503,-0.402834125334,0.0,0.0,-0.406129680869
390,-0.397242980326,-1.61012979259,-0.405383644986,0.0,0.0,-0.406347517665
391,-0.364383912115,-1.61290326014,-0.400023931602,0.0,0.0,-0.406653829715
392,-0.383702696912,-1.6156767277,-0.420130804173,0.0,0.0,-0.412789454444
393,-0.403502603808,-1.61845019526,-0.422503891979,0.0,0.0,-0.424327431732
394,-0.406716361474,-1.62122366282,-0.423462346063,0.0,0.0,-0.426471616079
395,-0.400681205072,-1.62399713038,-0.421699617076,0.0,0.0,-0.425467556013
396,-0.379905560227,-1.62677059793,-0.427200793833,0.0,0.0,-0.429112468322
397,-0.365301104145,-1.62954406549,-0.434536226,0.0,0.0,-0.434119363311
398,-0.341049846184,-1.63231753305,-0.400551637665,0.0,0.0,-0.420307169865
399,-0.394455822331,-1.63509100061,-0.402031439907,0.0,0.0,-0.40301696061
400,-0.387320555537,-1.63786446817,-0.3992927726,0.0,0.0,-0.404121560736
401,-0.382711877709,-1.64063793572,-0.400619985137,0.0,0.0,-0.401455908612
402,-0.349638496947,-1.64341140328,-0.401843881728,0.0,0.0,-0.408501085751
403,-0.329842367207,-1.64618487084,-0.37355597571,0.0,0.0,-0.388194674695
404,-0.28650825985,-1.6489583384,-0.337158562667,0.0,0.0,-0.359745859312
405,-0.331739156455,-1.65173180596,-0.365905827276,0.0,0.0,-0.350943912191
406,-0.375471507442,-1.65450527352,-0.371767815105,0.0,0.0,-0.369163781868
407,-0.365339696826,-1.65727874107,-0.377672718789,0.0,0.0,-0.374704209442
408,-0.385706231875,-1.66005220863,-0.386635774475,0.0,0.0,-0.383061769498
409,-0.399019311139,1.47393839741,-0.387438459902,0.0,0.0,-0.388988270902
410,-0.374840339187,1.47116492985,-0.384426402706,0.0,0.0,-0.388600856538
411,-0.371598006514,1.4683914623,-0.383793791222,0.0,0.0,-0.385825950881
412,-0.361385999759,1.46561799474,-0.394117438443,0.0,0.0,-0.38991659079
413,-0.380359913784,1.46284452718,-0.40090768031,0.0,0.0,-0.399008763551
414,-0.392276293792,1.46007105962,-0.403856158462,0.0,0.0,-0.403785086669
415,-0.386831167489,1.45729759206,-0.403183810074,0.0,0.0,-0.407584830671
416,-0.38845643943,1.45452412451,-0.397458517189,0.0,0.0,-0.402697243219
417,-0.350729492898,1.45175065695,-0.412108718334,0.0,0.0,-0.406326739386
418,-0.371404495692,1.44897718939,-0.41997344604,0.0,0.0,-0.417588566642
419,-0.383571043863,1.44620372183,-0.428558206416,0.0,0.0,-0.426975656913
420,-0.398884045159,1.44343025427,-0.430721483378,0.0,0.0,-0.432514073686
421,-0.405656349151,1.44065678671,-0.431142694542,0.0,0.0,-0.433763451498
422,-0.40958732854,1.43788331916,-0.431083883927,0.0,0.0,-0.433965872152
423,-0.404533220003,1.4351098516,-0.432597065167,0.0,0.0,-0.434699144324
424,-0.403269131769,1.43233638404,-0.434199257068,0.0,0.0,-0.436408995611
425,-0.403824236859,1.42956291648,-0.433994214652,0.0,0.0,-0.43711076523
426,-0.405357296924,1.42678944892,-0.433975140939,0.0,0.0,-0.436912366178
427,-0.403806309053,1.42401598137,-0.433838445995,0.0,0.0,-0.436424411753
428,-0.405195262402,1.42124251381,-0.436567576446,0.0,0.0,-0.438136273842
429,-0.410466201595,1.41846904625,-0.43539454309,0.0,0.0,-0.439302538538
430,-0.411416046866,1.41569557869,-0.435857080633,0.0,0.0,-0.438432531886
431,-0.407348159254,1.41292211113,-0.436659766059,0.0,0.0,-0.439153739249
432,-0.40422609342,1.41014864358,-0.437160451028,0.0,0.0,-0.439647726078
433,-0.3997607833,1.40737517602,-0.438171357823,0.0,0.0,-0.440714120981
434,-0.394343602477,1.40460170846,-0.439593938926,0.0,0.0,-0.441810007635
435,-0.397040984588,1.4018282409,-0.435879333298,0.0,0.0,-0.441140410835
436,-0.409578159357,1.39905477334,-0.436348228745,0.0,0.0,-0.439111512424
437,-0.407117697992,1.39628130578,-0.434691994657,0.0,0.0,-0.438778389692
438,-0.3912269013,1.39350783823,-0.439984950045,0.0,0.0,-0.439997605487
439,-0.404130295984,1.39073437067,-0.442935017673,0.0,0.0,-0.444500459641
440,-0.403142514928,1.19381817404,-0.445440031994,0.0,0.0,-0.447247214081
441,-0.407401313146,1.19104470648,-0.445451158327,0.0,0.0,-0.448735206969
442,-0.409213937502,1.18827123892,-0.446454117741,0.0,0.0,-0.44908240531
443,-0.411755799318,1.18549777136,-0.445722958739,0.0,0.0,-0.449162837358
444,-0.411109604551,1.18272430381,-0.444200240642,0.0,0.0,-0.448415489578
445,-0.407593865994,1.17995083625,-0.444494293719,0.0,0.0,-0.447772033194
446,-0.402636567609,1.17717736869,-0.443454776355,0.0,0.0,-0.447309548918
447,-0.405202707232,1.17440390113,-0.441666615751,0.0,0.0,-0.44581686416
448,-0.39059710158,1.17163043357,-0.444762915179,0.0,0.0,-0.446226397338
449,-0.409511238005,1.16885696602,-0.446913476332,0.0,0.0,-0.448816979551
450,-0.383970656028,1.16608349846,-0.441690457892,0.0,0.0,-0.447906086608
451,-0.395879098534,1.1633100309,-0.44172383689,0.0,0.0,-0.444700199227
452,-0.402241389497,1.16053656334,-0.444575357,0.0,0.0,-0.446180819178
453,-0.39643444996,1.15776309578,-0.443537429112,0.0,0.0,-0.446251867487
454,-0.387480126696,1.15498962822,-0.452130136868,0.0,0.0,-0.450875369714
455,-0.406435839208,1.15221616067,-0.453517749497,0.0,0.0,-0.455811216393
456,-0.408911655534,1.14944269311,-0.454611309048,0.0,0.0,-0.457505651538
457,-0.404169655045,1.14666922555,-0.453818160478,0.0,0.0,-0.458397106737
458,-0.408465650039,1.14389575799,-0.450906240277,0.0,0.0,-0.45550356381
459,-0.408876976861,1.14112229043,-0.451232082876,0.0,0.0,-0.454048414008
460,-0.40732010429,1.13834882288,-0.449405774845,0.0,0.0,-0.453518232758
461,-0.389906538915,1.13557535532,-0.452729369355,0.0,0.0,-0.452904268125
462,-0.404349562631,1.13280188776,-0.454461898296,0.0,0.0,-0.45648617533
463,-0.408349434063,1.1300284202,-0.452541811176,0.0,0.0,-0.456741547082
464,-0.409757629012,1.12725495264,-0.454318845447,0.0,0.0,-0.456430543163
465,-0.411440899458,1.12448148508,-0.454411035061,0.0,0.0,-0.457567316108
466,-0.398807845141,1.12170801753,-0.458079545882,0.0,0.0,-0.459399826269
467,-0.378854525493,1.11893454997,-0.444602378094,0.0,0.0,-0.45469924333
468,-0.402925082118,1.11616108241,-0.447735235472,0.0,0.0,-0.449397430831
469,-0.390427129557,1.11338761485,-0.455038878117,0.0,0.0,-0.453764891038
470,-0.399586076146,0.919244885781,-0.454728930279,0.0,0.0,-0.458077389346
471,-0.398600566858,0.916471418223,-0.451842441695,0.0,0.0,-0.456602801799
472,-0.389268254279,0.913697950665,-0.45790152456,0.0,0.0,-0.457364225187
473,-0.403943189904,0.910924483106,-0.458502346523,0.0,0.0,-0.461584896907
474,-0.399848588493,0.908151015548,-0.461002592416,0.0,0.0,-0.462865107004
475,-0.401826997156,0.90537754799,-0.46622402138,0.0,0.0,-0.466870622995
476,-0.401415971411,0.902604080432,-0.467172938608,0.0,0.0,-0.469798349543
477,-0.409123723688,0.899830612874,-0.46639091637,0.0,0.0,-0.470397568301
478,-0.411243200919,0.897057145316,-0.466292368852,0.0,0.0,-0.469798349543
479,-0.404651817229,0.894283677757,-0.472511988803,0.0,0.0,-0.473031047606
480,-0.410839099961,0.891510210199,-0.473117579194,0.0,0.0,-0.476586144129
481,-0.410563668645,0.888736742641,-0.473174800333,0.0,0.0,-0.477037904132
482,-0.407163023865,0.885963275083,-0.471297629068,0.0,0.0,-0.476110924778
483,-0.408212690064,0.883189807525,-0.470992449658,0.0,0.0,-0.474865568568
484,-0.410260866632,0.880416339967,-0.470399575076,0.0,0.0,-0.474336727852
485,-0.415123407667,0.877642872408,-0.471106891937,0.0,0.0,-0.474302544232
486,-0.415469017448,0.87486940485,-0.470814428336,0.0,0.0,-0.474574672661
487,-0.410238696368,0.872095937292,-0.471666387521,0.0,0.0,-0.474760336639
488,-0.409287263598,0.869322469734,-0.471928651077,0.0,0.0,-0.475363576999
489,-0.400870911367,0.866549002176,-0.470722238722,0.0,0.0,-0.474848141624
490,-0.397799973994,0.863775534618,-0.476211494408,0.0,0.0,-0.477092195764
491,-0.407683231317,0.861002067059,-0.476837430093,0.0,0.0,-0.480279985934
492,-0.4154120864,0.858228599501,-0.4762618808,0.0,0.0,-0.480387228664
493,-0.41456291055,0.855455131943,-0.476744763637,0.0,0.0,-0.480259207655
494,-0.408616489946,0.852681664385,-0.477958487581,0.0,0.0,-0.481209646355
495,-0.410603410895,0.849908196827,-0.478012052926,0.0,0.0,-0.481791438169
496,-0.407519992485,0.847134729269,-0.478600953818,0.0,0.0,-0.482101101554
497,-0.412522233553,0.844361261711,-0.478155741564,0.0,0.0,-0.482260625116
498,-0.413344257672,0.841587794152,-0.478447410427,0.0,0.0,-0.482103112355
499,-0.415410334676,0.838814326594,-0.477710688258,0.0,0.0,-0.481942918526
500,-0.410727974934,0.836040859036,-0.478744642457,0.0,0.0,-0.481905383571
501,-0.410792186587,0.639124662407,-0.479825963042,0.0,0.0,-0.483228490761
502,-0.410919131876,0.636351194849,-0.480018130702,0.0,0.0,-0.483694996639
503,-0.412817563365,0.63357772729,-0.479726143944,0.0,0.0,-0.483709072247
504,-0.412626023233,0.630804259732,-0.479296031713,0.0,0.0,-0.483415495272
505,-0.409962471302,0.628030792174,-0.481136009238,0.0,0.0,-0.484032811241
506,-0.41685331778,0.625257324616,-0.480666636948,0.0,0.0,-0.484747986201
507,-0.41647513687,0.622483857058,-0.480632304264,0.0,0.0,-0.484376658246
508,-0.412175884763,0.6197103895,-0.482355137401,0.0,0.0,-0.48532642668
509,-0.407791564533,0.616936921941,-0.482098437012,0.0,0.0,-0.485980607337
510,-0.403496855961,0.614163454383,-0.480525173575,0.0,0.0,-0.485180978726
511,-0.406251798647,0.611389986825,-0.479112447224,0.0,0.0,-0.482847779067
512,-0.411155122019,0.608616519267,-0.478972255433,0.0,0.0,-0.482627931469
513,-0.412829387506,0.605843051709,-0.479894310514,0.0,0.0,-0.483038805181
514,-0.415987719512,0.603069584151,-0.479677347028,0.0,0.0,-0.483435603284
515,-0.408372343335,0.600296116592,-0.479686565989,0.0,0.0,-0.483169507259
516,-0.409877403179,0.597522649034,-0.478861310002,0.0,0.0,-0.482783433428
517,-0.413048818377,0.594749181476,-0.479320032802,0.0,0.0,-0.482522029272
518,-0.402362504828,0.591975713918,-0.479544943669,0.0,0.0,-0.482824319719
519,-0.406224044761,0.58920224636,-0.479821035666,0.0,0.0,-0.483243906903
520,-0.406005489752,0.586428778802,-0.475700795739,0.0,0.0,-0.481208976088
521,-0.413831866625,0.583655311244,-0.475844643326,0.0,0.0,-0.478899235776
522,-0.408485439052,0.580881843685,-0.474998247306,0.0,0.0,-0.478740382481
523,-0.402419326393,0.578108376127,-0.477968342333,0.0,0.0,-0.479594302724
524,-0.405616387934,0.575334908569,-0.479009608121,0.0,0.0,-0.481967048141
525,-0.4046593168,0.572561441011,-0.480050238119,0.0,0.0,-0.482991886486
526,-0.403587015035,0.569787973453,-0.479440674038,0.0,0.0,-0.483394046726
527,-0.39934562458,0.567014505895,-0.482081111722,0.0,0.0,-0.484128659431
528,-0.382630039328,0.564241038336,-0.487897481588,0.0,0.0,-0.488726021242
529,-0.404281135891,0.561467570778,-0.488706365971,0.0,0.0,-0.49227307456
530,-0.405098808069,0.55869410322,-0.487931814271,0.0,0.0,-0.49216784263
531,-0.405395095855,0.364551374149,-0.48743192404,0.0,0.0,-0.49159208322
532,-0.406900073586,0.361777906591,-0.488325209604,0.0,0.0,-0.491624256039
533,-0.395936576996,0.359004439033,-0.488352230698,0.0,0.0,-0.492036470285
534,-0.402531929437,0.356230971474,-0.489436571288,0.0,0.0,-0.492734218302
535,-0.409813437862,0.353457503916,-0.487030422379,0.0,0.0,-0.492039821621
536,-0.412780831891,0.350684036358,-0.487472614628,0.0,0.0,-0.490900367607
537,-0.388893549448,0.3479105688,-0.486876084251,0.0,0.0,-0.49098884286
538,-0.410735857694,0.345137101242,-0.486079756728,0.0,0.0,-0.490085322854
539,-0.402792607948,0.342363633684,-0.485251162841,0.0,0.0,-0.489130862551
540,-0.40621536825,0.339590166125,-0.486642272318,0.0,0.0,-0.489411034185
541,-0.415670465772,0.336816698567,-0.486502398421,0.0,0.0,-0.490045777097
542,-0.413753969624,0.334043231009,-0.487991896468,0.0,0.0,-0.490821276093
543,-0.412295056775,0.331269763451,-0.488447758211,0.0,0.0,-0.491737531173
544,-0.409759161771,0.328496295893,-0.488623554267,0.0,0.0,-0.491947995032
545,-0.411251850059,0.325722828335,-0.487617892743,0.0,0.0,-0.49167653687
546,-0.410167368334,0.322949360777,-0.490276450456,0.0,0.0,-0.49235752821
547,-0.410480188021,0.320175893218,-0.489475195557,0.0,0.0,-0.493603554687
548,-0.409497908476,0.31740242566,-0.485699395099,0.0,0.0,-0.491461381142
549,-0.414229781807,0.314628958102,-0.485273415507,0.0,0.0,-0.488700551094
550,-0.407207829695,0.311855490544,-0.484928181299,0.0,0.0,-0.488541027532
551,-0.405758168141,0.309082022986,-0.484109283217,0.0,0.0,-0.487346611619
552,-0.397987463263,0.306308555428,-0.485250685999,0.0,0.0,-0.487467259691
553,-0.400909805126,0.303535087869,-0.484413032098,0.0,0.0,-0.488230023613
554,-0.409404026988,0.300761620311,-0.484003265161,0.0,0.0,-0.487552383608
555,-0.403600262452,0.297988152753,-0.485266898655,0.0,0.0,-0.487555064677
556,-0.404038494669,0.295214685195,-0.488484475109,0.0,0.0,-0.490511612708
557,-0.408053611578,0.292441217637,-0.487686876006,0.0,0.0,-0.491791822806
558,-0.391859985503,0.289667750079,-0.490704019524,0.0,0.0,-0.49257469474
559,-0.369227156809,0.28689428252,-0.495157731536,0.0,0.0,-0.496594286339
560,-0.335574612114,0.284120814962,-0.480683167499,0.0,0.0,-0.49202842708
561,-0.392791957709,0.281347347404,-0.476132497446,0.0,0.0,-0.480981085286
562,-0.395821620072,0.087204618333,-0.468498561669,0.0,0.0,-0.474508986489
563,-0.415627575891,0.0844311507748,-0.46803443465,0.0,0.0,-0.470148228952
564,-0.409538307623,0.0816576832166,-0.468530351191,0.0,0.0,-0.470134823611
565,-0.402497223394,0.0788842156585,-0.468702014609,0.0,0.0,-0.470341265867
566,-0.385792175861,0.0761107481003,-0.469436352563,0.0,0.0,-0.470992765456
567,-0.364532261288,0.0733372805422,-0.468800562126,0.0,0.0,-0.47124545614
568,-0.404755825875,0.070563812984,-0.467052138425,0.0,0.0,-0.469740036308
569,-0.393805494589,0.0677903454258,-0.468535119619,0.0,0.0,-0.469605312628
570,-0.407121830967,0.0650168778677,-0.469725637212,0.0,0.0,-0.471040354418
571,-0.389430288801,0.0622434103095,-0.466182695002,0.0,0.0,-0.469856662778
572,-0.409596251387,0.0594699427514,-0.466123884387,0.0,0.0,-0.46797790419
573,-0.40025063665,0.0566964751932,-0.464243534169,0.0,0.0,-0.466777455873
574,-0.409401508884,0.053923007635,-0.464276913167,0.0,0.0,-0.465991232604
575,-0.407140224075,0.0511495400769,-0.462523721037,0.0,0.0,-0.46487925954
576,-0.405787317932,0.0483760725187,-0.467007633094,0.0,0.0,-0.466038151298
577,-0.412377552053,0.0456026049606,-0.466578474549,0.0,0.0,-0.468415588584
578,-0.403798782111,0.0428291374024,-0.467751507905,0.0,0.0,-0.468536236656
579,-0.399190022172,0.0400556698443,-0.469333036617,0.0,0.0,-0.469992056726
580,-0.390174771738,0.0372822022861,-0.466375021609,0.0,0.0,-0.468945099567
581,-0.388334366124,0.0345087347279,-0.470529912115,0.0,0.0,-0.469452491737
582,-0.396617559918,0.0317352671698,-0.470496533117,0.0,0.0,-0.471739442969
583,-0.39808955596,0.0289617996116,-0.469986311291,0.0,0.0,-0.472224716325
584,-0.37673931809,0.0261883320535,-0.466068252723,0.0,0.0,-0.47064221578
585,-0.387295100789,0.0234148644953,-0.472535830944,0.0,0.0,-0.471093305516
586,-0.355511974646,0.0206413969371,-0.463213553661,0.0,0.0,-0.470924398215
587,-0.389213512887,0.017867929379,-0.465170198731,0.0,0.0,-0.465082350461
588,-0.390441088612,0.0150944618208,-0.462010320259,0.0,0.0,-0.464926178235
589,-0.400969938546,0.0123209942627,-0.468152055881,0.0,0.0,-0.466653456466
590,-0.390704942123,0.0095475267045,-0.456653785827,0.0,0.0,-0.463906702026
591,-0.395401206178,0.00677405914634,-0.46375079658,0.0,0.0,-0.461029915775
592,-0.389358577577,0.00400059158818,-0.464847535084,0.0,0.0,-0.464782070815
593,-0.388113484606,-0.192915605041,-0.472861673543,0.0,0.0,-0.470051040227
594,-0.387162079206,-0.195689072599,-0.472016072262,0.0,0.0,-0.474673872187
595,-0.388276340249,-0.198462540157,-0.468563730189,0.0,0.0,-0.47164761638
596,-0.392724352089,-0.201236007716,-0.475779315858,0.0,0.0,-0.474443300316
597,-0.396257635263,-0.204009475274,-0.466686558923,0.0,0.0,-0.473250224937
598,-0.391486649207,-0.206782942832,-0.466891601339,0.0,0.0,-0.467185648517
599,-0.364756153583,-0.20955641039,-0.476830118503,0.0,0.0,-0.471931809617
600,-0.356778964173,-0.212329877948,-0.483880080764,0.0,0.0,-0.484599186912
601,-0.353239659447,-0.215103345506,-0.466839148628,0.0,0.0,-0.476603571072
602,-0.341319447541,-0.217876813065,-0.449439153843,0.0,0.0,-0.459893813097
603,-0.378388402536,-0.220650280623,-0.442497911747,0.0,0.0,-0.445115094541
604,-0.388878495565,-0.223423748181,-0.444356009299,0.0,0.0,-0.442785916484
605,-0.356982602153,-0.226197215739,-0.446377822889,0.0,0.0,-0.443845608717
606,-0.326709791026,-0.228970683297,-0.441509257618,0.0,0.0,-0.444354341421
607,-0.351805161259,-0.231744150855,-0.459470337463,0.0,0.0,-0.449465127805
608,-0.398995033332,-0.234517618414,-0.462209004771,0.0,0.0,-0.461802063436
609,-0.375053830617,-0.237291085972,-0.457562966152,0.0,0.0,-0.461242390436
610,-0.359561742857,-0.24006455353,-0.465780557551,0.0,0.0,-0.461298692869
611,-0.350313184608,-0.242838021088,-0.481231059908,0.0,0.0,-0.473509618292
612,-0.40361159392,-0.245611488646,-0.488979596912,0.0,0.0,-0.487126093754
613,-0.407817128763,-0.248384956204,-0.489717749609,0.0,0.0,-0.491510980905
614,-0.406637698093,-0.251158423763,-0.488173414638,0.0,0.0,-0.49122879847
615,-0.404183969919,-0.253931891321,-0.489458188163,0.0,0.0,-0.490907070278
616,-0.396655878893,-0.256705358879,-0.487434308254,0.0,0.0,-0.490569255676
617,-0.406408359029,-0.259478826437,-0.490166299762,0.0,0.0,-0.490476088554
618,-0.407301957519,-0.262252293995,-0.49052615715,0.0,0.0,-0.491878957525
619,-0.400171562708,-0.265025761553,-0.491447735388,0.0,0.0,-0.492111540197
620,-0.392755554683,-0.267799229111,-0.49942706432,0.0,0.0,-0.497365093466
621,-0.409627344498,-0.27057269667,-0.499746072172,0.0,0.0,-0.502091816821
622,-0.402597564367,-0.273346164228,-0.501118107935,0.0,0.0,-0.502839834868
623,-0.388258549296,-0.467488893299,-0.500380273133,0.0,0.0,-0.503100568757
624,-0.40207836963,-0.470262360857,-0.501828921644,0.0,0.0,-0.503316394752
625,-0.385442925777,-0.473035828415,-0.502106444169,0.0,0.0,-0.503972586211
626,-0.376557850374,-0.475809295973,-0.515628435184,0.0,0.0,-0.511386410237
627,-0.381051571278,-0.478582763532,-0.520488576232,0.0,0.0,-0.521479961995
628,-0.408306544182,-0.48135623109,-0.521466262977,0.0,0.0,-0.525103425758
629,-0.408299099352,-0.484129698648,-0.522385139106,0.0,0.0,-0.525945951461
630,-0.408147985739,-0.486903166206,-0.522849742968,0.0,0.0,-0.526664477757
631,-0.412308495786,-0.489676633764,-0.524105270133,0.0,0.0,-0.527645078476
632,-0.415298716976,-0.492450101322,-0.523179718204,0.0,0.0,-0.527756342809
633,-0.414448938971,-0.495223568881,-0.523266662547,0.0,0.0,-0.527311285476
634,-0.40371261916,-0.497997036439,-0.524572417157,0.0,0.0,-0.527964125599
635,-0.399869910265,-0.500770503997,-0.520455515129,0.0,0.0,-0.526311247013
636,-0.402381801169,-0.503543971555,-0.520689168115,0.0,0.0,-0.524230738037
637,-0.408608579814,-0.506317439113,-0.520636079613,0.0,0.0,-0.524307148483
638,-0.409957626689,-0.509090906671,-0.519777603576,0.0,0.0,-0.523876837026
639,-0.418348797879,-0.51186437423,-0.520254128508,0.0,0.0,-0.523569184443
640,-0.415968915844,-0.514637841788,-0.520264619051,0.0,0.0,-0.523861420884
641,-0.409499578088,-0.517411309346,-0.520532127877,0.0,0.0,-0.524001506701
642,-0.40977210811,-0.520184776904,-0.521151069867,0.0,0.0,-0.524645633352
643,-0.412302282638,-0.522958244462,-0.521565923128,0.0,0.0,-0.524805827181
644,-0.410016583169,-0.52573171202,-0.519211273244,0.0,0.0,-0.52391705305
645,-0.410964430378,-0.528505179578,-0.519813048893,0.0,0.0,-0.5228841715
646,-0.41511878202,-0.531278647137,-0.519788412013,0.0,0.0,-0.52324075358
647,-0.415652647449,-0.534052114695,-0.519517247392,0.0,0.0,-0.522986052094
648,-0.406228287219,-0.536825582253,-0.522431074965,0.0,0.0,-0.524339321302
649,-0.412347280063,-0.539599049811,-0.52276184494,0.0,0.0,-0.526143009979
650,-0.412356449246,-0.542372517369,-0.521935953162,0.0,0.0,-0.525886297692
651,-0.409904281202,-0.545145984927,-0.523307035239,0.0,0.0,-0.526165128792
652,-0.4009374769,-0.547919452486,-0.521559883118,0.0,0.0,-0.526026383509
653,-0.415024325747,-0.550692920044,-0.522436956026,0.0,0.0,-0.525359467778
654,-0.407179199946,-0.747609116673,-0.520815213569,0.0,0.0,-0.524955967004
655,-0.412670883804,-0.750382584231,-0.522263703132,0.0,0.0,-0.525014950506
656,-0.405881254162,-0.753156051789,-0.523362984798,0.0,0.0,-0.526734855799
657,-0.40054391366,-0.755929519348,-0.51816508008,0.0,0.0,-0.523925766522
658,-0.404538119357,-0.758702986906,-0.519327463946,0.0,0.0,-0.521569107515
659,-0.402315646196,-0.761476454464,-0.519972314397,0.0,0.0,-0.522679069778
660,-0.407486901313,-0.764249922022,-0.52210094078,0.0,0.0,-0.524191192281
661,-0.412335072732,-0.76702338958,-0.523281762569,0.0,0.0,-0.526031075379
662,-0.410058104515,-0.769796857138,-0.522366542235,0.0,0.0,-0.5261222317
663,-0.407485176959,-0.772570324697,-0.524425549566,0.0,0.0,-0.526594099715
664,-0.406202750359,-0.775343792255,-0.525950651876,0.0,0.0,-0.528482912309
665,-0.411698676675,-0.778117259813,-0.527602435432,0.0,0.0,-0.53021488241
666,-0.410915765281,-0.780890727371,-0.527893309557,0.0,0.0,-0.531271893574
667,-0.411886056461,-0.783664194929,-0.52717772742,0.0,0.0,-0.531075505324
668,-0.41537119458,-0.786437662487,-0.52746160785,0.0,0.0,-0.53065591814
669,-0.411153726113,-0.789211130045,-0.528748447695,0.0,0.0,-0.531544022003
670,-0.413759553246,-0.791984597604,-0.528896586866,0.0,0.0,-0.532341639813
671,-0.407250965912,-0.794758065162,-0.528508118909,0.0,0.0,-0.532184797319
672,-0.406794313216,-0.79753153272,-0.529217025247,0.0,0.0,-0.532237748417
673,-0.412263334138,-0.800305000278,-0.529480560383,0.0,0.0,-0.532943539639
674,-0.406041673812,-0.803078467836,-0.530068030747,0.0,0.0,-0.53326325703
675,-0.412524669545,-0.805851935394,-0.52979654823,0.0,0.0,-0.533613806705
676,-0.408785285029,-0.808625402953,-0.529307307489,0.0,0.0,-0.532901312813
677,-0.41031697656,-0.811398870511,-0.529156466207,0.0,0.0,-0.532747151388
678,-0.4099796601,-0.814172338069,-0.529020089159,0.0,0.0,-0.532452233879
679,-0.409534338872,-0.816945805627,-0.529845186198,0.0,0.0,-0.532789378213
680,-0.412294317766,-0.819719273185,-0.52980449561,0.0,0.0,-0.533140598156
681,-0.415737715573,-0.822492740743,-0.529859173588,0.0,0.0,-0.533229743676
682,-0.41365001572,-0.825266208302,-0.530554887274,0.0,0.0,-0.533468358752
683,-0.412129710399,-0.82803967586,-0.53098658898,0.0,0.0,-0.534210344395
684,-0.409671958733,-1.02218240493,-0.531374421147,0.0,0.0,-0.534418127186
685,-0.408079285291,-1.02495587249,-0.531013610074,0.0,0.0,-0.534729131105
686,-0.405512625625,-1.02772934005,-0.52921479998,0.0,0.0,-0.533474391156
687,-0.407398110775,-1.03050280761,-0.528695200245,0.0,0.0,-0.532051414173
688,-0.406657295511,-1.03327627516,-0.530772009708,0.0,0.0,-0.53268950842
689,-0.413932152856,-1.03604974272,-0.530987224771,0.0,0.0,-0.534087015255
690,-0.411767240269,-1.03882321028,-0.531220083018,0.0,0.0,-0.534303511517
691,-0.407446310571,-1.04159667784,-0.530776937084,0.0,0.0,-0.534192917451
692,-0.409335572876,-1.0443701454,-0.530865947745,0.0,0.0,-0.53393486463
693,-0.407866012826,-1.04714361295,-0.53211686543,0.0,0.0,-0.534652050392
694,-0.409277765966,-1.04991708051,-0.532069975885,0.0,0.0,-0.535429560189
695,-0.413577018073,-1.05269054807,-0.532829268614,0.0,0.0,-0.535520046243
696,-0.41016249635,-1.05546401563,-0.533128408015,0.0,0.0,-0.536275437228
697,-0.397430469595,-1.05823748319,-0.530401820726,0.0,0.0,-0.535009973006
698,-0.403290918843,-1.06101095075,-0.531072579637,0.0,0.0,-0.533628552581
699,-0.408311470907,-1.0637844183,-0.531341836887,0.0,0.0,-0.534292116977
700,-0.407874661966,-1.06655788586,-0.531489976059,0.0,0.0,-0.534369867957
701,-0.400080117212,-1.06933135342,-0.53204772322,0.0,0.0,-0.534692936683
702,-0.405810610395,-1.07210482098,-0.532690666299,0.0,0.0,-0.535200328853
703,-0.400777111991,-1.07487828854,-0.530291670033,0.0,0.0,-0.534451640539
704,-0.405907256323,-1.07765175609,-0.531380779051,0.0,0.0,-0.533462996615
705,-0.403976746378,-1.08042522365,-0.532013072641,0.0,0.0,-0.534618537039
706,-0.406990424255,-1.08319869121,-0.532247202469,0.0,0.0,-0.535036783688
707,-0.40690847639,-1.08597215877,-0.532133713876,0.0,0.0,-0.535079010514
708,-0.402679512231,-1.08874562633,-0.533785815327,0.0,0.0,-0.535846466305
709,-0.401187781917,-1.09151909388,-0.535566505393,0.0,0.0,-0.537749354508
710,-0.389097461135,-1.09429256144,-0.53309947955,0.0,0.0,-0.537700425012
711,-0.401285331078,-1.097066029,-0.530440603943,0.0,0.0,-0.534198279588
712,-0.398650107818,-1.09983949656,-0.529959628477,0.0,0.0,-0.532761226997
713,-0.405637490741,-1.10261296412,-0.527262923338,0.0,0.0,-0.530838230782
714,-0.405653776305,-1.10538643168,-0.526611397088,0.0,0.0,-0.529096876942
715,-0.409540716245,-1.30507609586,-0.527721169296,0.0,0.0,-0.529141784836
716,-0.411637667393,-1.30784956342,-0.527954345439,0.0,0.0,-0.53039987612
717,-0.414686708209,-1.31062303098,-0.527914608536,0.0,0.0,-0.530257779502
718,-0.409324131925,-1.31339649854,-0.529928951588,0.0,0.0,-0.531406617255
719,-0.406775372695,-1.3161699661,-0.529856312531,0.0,0.0,-0.532266569901
720,-0.407611355869,-1.31894343365,-0.530864994059,0.0,0.0,-0.533094349729
721,-0.402821155584,-1.32171690121,-0.526697228797,0.0,0.0,-0.53099641381
722,-0.402782754497,-1.32449036877,-0.52654146014,0.0,0.0,-0.528848878128
723,-0.401568727267,-1.32726383633,-0.526858401673,0.0,0.0,-0.528514414861
724,-0.400426986045,-1.33003730389,-0.530799507644,0.0,0.0,-0.530616372383
725,-0.410904707519,-1.33281077144,-0.530550436741,0.0,0.0,-0.533171430441
726,-0.405145557218,-1.335584239,-0.532069181147,0.0,0.0,-0.533415407654
727,-0.403382610675,-1.33835770656,-0.534251213927,0.0,0.0,-0.5353357228
728,-0.406147187846,-1.34113117412,-0.535778859399,0.0,0.0,-0.537523474506
729,-0.405879666661,-1.34390464168,-0.534319561399,0.0,0.0,-0.537751365309
730,-0.405770375471,-1.34667810924,-0.537884279432,0.0,0.0,-0.538794971132
731,-0.409207614872,-1.34945157679,-0.539912291978,0.0,0.0,-0.541966674892
732,-0.407803197079,-1.35222504435,-0.541135393831,0.0,0.0,-0.543608829206
733,-0.405796158667,-1.35499851191,-0.540577964566,0.0,0.0,-0.544092091761
734,-0.402852358178,-1.35777197947,-0.542043938366,0.0,0.0,-0.544241561317
735,-0.411012219614,-1.36054544703,-0.542727413086,0.0,0.0,-0.545545901029
736,-0.413105366236,-1.36331891458,-0.541945072953,0.0,0.0,-0.545289859009
737,-0.416005236758,-1.36609238214,-0.542029950976,0.0,0.0,-0.544922552656
738,-0.412673401908,-1.3688658497,-0.539630159972,0.0,0.0,-0.544035789327
739,-0.414158070583,-1.37163931726,-0.539102136014,0.0,0.0,-0.542026328661
740,-0.407189354475,-1.37441278482,-0.543641361839,0.0,0.0,-0.544087399891
741,-0.413580986824,-1.37718625238,-0.542589923404,0.0,0.0,-0.546350221509
742,-0.415101346886,-1.37995971993,-0.543032433548,0.0,0.0,-0.545775802632
743,-0.412014479768,-1.38273318749,-0.543916182255,0.0,0.0,-0.546293919075
744,-0.415781344463,-1.57687591656,-0.541789781139,0.0,0.0,-0.54583813747
745,-0.417864227073,-1.57964938412,-0.541680266236,0.0,0.0,-0.544545192298
746,-0.402580183975,-1.58242285168,-0.5414067174,0.0,0.0,-0.544888369036
747,-0.409936715477,-1.58519631924,-0.537811163531,0.0,0.0,-0.542122176851
748,-0.413172889743,-1.5879697868,-0.538485101395,0.0,0.0,-0.540423049837
749,-0.410238039472,-1.59074325435,-0.53861639212,0.0,0.0,-0.540660324379
750,-0.409987488119,-1.59351672191,-0.536162558928,0.0,0.0,-0.539827182415
751,-0.411147348741,-1.59629018947,-0.539605364145,0.0,0.0,-0.539884155115
752,-0.410757973217,-1.59906365703,-0.540994725197,0.0,0.0,-0.542406370088
753,-0.401096336421,-1.60183712459,-0.534461183719,0.0,0.0,-0.540295699094
754,-0.407448691821,-1.60461059214,-0.532110984368,0.0,0.0,-0.534857152114
755,-0.392837666772,-1.6073840597,-0.541712055758,0.0,0.0,-0.538693090538
756,-0.413338372973,-1.61015752726,-0.539983500507,0.0,0.0,-0.543248225524
757,-0.411262552002,-1.61293099482,-0.541280036156,0.0,0.0,-0.543262301132
758,-0.413748988157,-1.61570446238,-0.540003210011,0.0,0.0,-0.542804508725
759,-0.393212097896,-1.61847792994,-0.545319689645,0.0,0.0,-0.545647781623
760,-0.384180041854,-1.62125139749,-0.529709762835,0.0,0.0,-0.539542989178
761,-0.414125088894,-1.62402486505,-0.529245000026,0.0,0.0,-0.530520524192
762,-0.378558921974,-1.62679833261,-0.528700763412,0.0,0.0,-0.530326146743
763,-0.394510837431,-1.62957180017,-0.525492088024,0.0,0.0,-0.5275733599
764,-0.41508183158,-1.63234526773,-0.525398785777,0.0,0.0,-0.525970751343
765,-0.416300949759,-1.63511873528,-0.525539931254,0.0,0.0,-0.52642385188
766,-0.417318564874,-1.63789220284,-0.524335267324,0.0,0.0,-0.525242171041
767,-0.410553897306,-1.6406656704,-0.523372044812,0.0,0.0,-0.52396062041
768,-0.402186894441,-1.64343913796,-0.529984583252,0.0,0.0,-0.527025751706
769,-0.416835608939,-1.64621260552,-0.529567345777,0.0,0.0,-0.530828847043
770,-0.416704202227,-1.64898607307,-0.529304287484,0.0,0.0,-0.530177347454
771,-0.415621718562,-1.65175954063,-0.5300545202,0.0,0.0,-0.530320784606
772,-0.415305231202,-1.65453300819,-0.529238801069,0.0,0.0,-0.530636480395
773,-0.417915629241,-1.65730647575,-0.529014208097,0.0,0.0,-0.529701457837
774,-0.416223490689,-1.66007994331,-0.529969483229,0.0,0.0,-0.530182709591
775,-0.413563688544,1.47391066274,-0.531151099756,0.0,0.0,-0.531570162419
776,-0.413319322968,1.47113719518,-0.529406331849,0.0,0.0,-0.531015181288
777,-0.412030956927,1.46836372762,-0.532107646468,0.0,0.0,-0.531531286929
778,-0.412566847788,1.46559026006,-0.531836005004,0.0,0.0,-0.532524622722
779,-0.41148499365,1.4628167925,-0.533499550683,0.0,0.0,-0.533975750922
780,-0.394357835239,1.46004332495,-0.524168690229,0.0,0.0,-0.529682020092
781,-0.415457220678,1.45726985739,-0.524412833757,0.0,0.0,-0.52401089044
782,-0.410508954623,1.45449638983,-0.527242101202,0.0,0.0,-0.525436548491
783,-0.413244874674,1.45172292227,-0.528788184597,0.0,0.0,-0.528074049398
784,-0.412237906761,1.44894945471,-0.528643383325,0.0,0.0,-0.528546587681
785,-0.404902751772,1.44617598716,-0.527382610888,0.0,0.0,-0.528526479669
786,-0.40551320041,1.4434025196,-0.522792998671,0.0,0.0,-0.525283727599
787,-0.413044712773,1.44062905204,-0.522508164555,0.0,0.0,-0.522179720813
788,-0.409670617569,1.43785558448,-0.524372778959,0.0,0.0,-0.522757491025
789,-0.413021256086,1.43508211692,-0.524655546756,0.0,0.0,-0.524232748839
790,-0.396608253881,1.43230864936,-0.522203938831,0.0,0.0,-0.523453898507
791,-0.40340245443,1.42953518181,-0.527309971831,0.0,0.0,-0.524177786939
792,-0.390435614472,1.42676171425,-0.529865531492,0.0,0.0,-0.528423928807
793,-0.411085545709,1.42398824669,-0.530273073162,0.0,0.0,-0.529877738075
794,-0.390032444117,1.42121477913,-0.52538861313,0.0,0.0,-0.527611565122
795,-0.395787132995,1.41844131157,-0.534219424405,0.0,0.0,-0.529805349232
796,-0.411882498271,1.41566784402,-0.53361208559,0.0,0.0,-0.534491186296
797,-0.401268607583,1.41289437646,-0.534482164803,0.0,0.0,-0.534700309621
798,-0.410332632598,1.4101209089,-0.538945572619,0.0,0.0,-0.537689030472
799,-0.408784983952,1.40734744134,-0.540339066309,0.0,0.0,-0.540766896842
800,-0.404869277411,1.40457397378,-0.540463840182,0.0,0.0,-0.540945187882
801,-0.408011378594,1.40180050623,-0.546616861084,0.0,0.0,-0.545137708385
802,-0.416358920894,1.39902703867,-0.547221974632,0.0,0.0,-0.549291353398
803,-0.412272256985,1.39625357111,-0.547699930093,0.0,0.0,-0.549000457491
804,-0.411329172276,1.39348010355,-0.547127241857,0.0,0.0,-0.550027976904
805,-0.409607090183,1.39070663599,-0.543463340516,0.0,0.0,-0.547168617597
806,-0.406528051084,1.19379043936,-0.544903087961,0.0,0.0,-0.545418550286
807,-0.415092971453,1.1910169718,-0.548231291951,0.0,0.0,-0.548443465558
808,-0.416076318456,1.18824350425,-0.548331587893,0.0,0.0,-0.550463650498
809,-0.411050374365,1.18547003669,-0.549599989814,0.0,0.0,-0.550790070559
810,-0.397111600984,1.18269656913,-0.55519764777,0.0,0.0,-0.553832412775
811,-0.414748757578,1.17992310157,-0.5571701876,0.0,0.0,-0.559315867649
812,-0.418116530151,1.17714963401,-0.556487825514,0.0,0.0,-0.559980772579
813,-0.418632111956,1.17437616646,-0.556193136646,0.0,0.0,-0.559339326996
814,-0.419737751229,1.1716026989,-0.555594857845,0.0,0.0,-0.55893850729
815,-0.418434605012,1.16882923134,-0.556771070154,0.0,0.0,-0.559140257677
816,-0.411604959411,1.16605576378,-0.555772402325,0.0,0.0,-0.559787735664
817,-0.413833426755,1.16328229622,-0.553837850972,0.0,0.0,-0.557488049358
818,-0.41416934731,1.16050882867,-0.553878382613,0.0,0.0,-0.556488010894
819,-0.412193785199,1.15773536111,-0.554896759945,0.0,0.0,-0.556685069412
820,-0.413020790785,1.15496189355,-0.557427046937,0.0,0.0,-0.559057144561
821,-0.414051844911,1.15218842599,-0.554306110629,0.0,0.0,-0.558564498267
822,-0.415584904976,1.14941495843,-0.55348228517,0.0,0.0,-0.556398865374
823,-0.411919695047,1.14664149087,-0.553061868744,0.0,0.0,-0.556093893859
824,-0.404673357967,1.14386802332,-0.55883897855,0.0,0.0,-0.558209256721
825,-0.396847473766,1.14109455576,-0.552794677813,0.0,0.0,-0.559428472516
826,-0.399932726013,1.1383210882,-0.543353030876,0.0,0.0,-0.550391931921
827,-0.407479784932,1.13554762064,-0.544708536087,0.0,0.0,-0.545334766903
828,-0.411970440318,1.13277415308,-0.542385516778,0.0,0.0,-0.544430576629
829,-0.410654594097,1.13000068553,-0.544765121436,0.0,0.0,-0.543925865528
830,-0.392572992139,1.12722721797,-0.541544207082,0.0,0.0,-0.544689299717
831,-0.384597718678,1.12445375041,-0.536853822081,0.0,0.0,-0.537705787148
832,-0.353922010903,1.12168028285,-0.537917181587,0.0,0.0,-0.532694870557
833,-0.36972530348,1.11890681529,-0.547769231251,0.0,0.0,-0.542781719645
834,-0.398257612035,1.11613334773,-0.556238436715,0.0,0.0,-0.553850509986
835,-0.416025819521,1.11335988018,-0.558828646955,0.0,0.0,-0.560279711691
836,-0.412851639882,0.919217151105,-0.555673219016,0.0,0.0,-0.559949270027
837,-0.40472065453,0.916443683547,-0.559117931604,0.0,0.0,-0.559590677146
838,-0.40850030134,0.913670215989,-0.561395650845,0.0,0.0,-0.563068692956
839,-0.412246747496,0.910896748431,-0.563906387281,0.0,0.0,-0.565737696416
840,-0.41347194197,0.908123280873,-0.565923909285,0.0,0.0,-0.568295435543
841,-0.417364876092,0.905349813314,-0.566306814075,0.0,0.0,-0.570001265228
842,-0.41364018964,0.902576345756,-0.566836268562,0.0,0.0,-0.569607148192
843,-0.419052662703,0.899802878198,-0.56801184508,0.0,0.0,-0.571233216096
844,-0.418094660965,0.89702941064,-0.568697386119,0.0,0.0,-0.572170919723
845,-0.415804801149,0.894255943082,-0.570390337105,0.0,0.0,-0.573458502758
846,-0.419136170697,0.891482475524,-0.569746917183,0.0,0.0,-0.574327839144
847,-0.417698524879,0.888709007966,-0.571104488713,0.0,0.0,-0.574535621934
848,-0.419239768782,0.885935540407,-0.571522520926,0.0,0.0,-0.575609389775
849,-0.420012854096,0.883162072849,-0.569418849317,0.0,0.0,-0.574675707751
850,-0.414329246917,0.880388605291,-0.571344181708,0.0,0.0,-0.574384811844
851,-0.416326787697,0.877615137733,-0.573337384728,0.0,0.0,-0.576537039396
852,-0.419249430638,0.874841670175,-0.573866521319,0.0,0.0,-0.578064578041
853,-0.418636573379,0.872068202617,-0.574493251742,0.0,0.0,-0.578720099232
854,-0.418435152426,0.869294735058,-0.575510993285,0.0,0.0,-0.579789175204
855,-0.421393979427,0.8665212675,-0.575133174817,0.0,0.0,-0.580049909093
856,-0.421547529033,0.863747799942,-0.575646098752,0.0,0.0,-0.580159832892
857,-0.42179786142,0.860974332384,-0.575895964394,0.0,0.0,-0.58056936607
858,-0.421403613912,0.858200864826,-0.576198441695,0.0,0.0,-0.580856910641
859,-0.421085511681,0.855427397268,-0.576077005721,0.0,0.0,-0.580922596814
860,-0.419858237034,0.852653929709,-0.575366986751,0.0,0.0,-0.580479550283
861,-0.418616729624,0.849880462151,-0.576736638299,0.0,0.0,-0.580808651413
862,-0.419766079899,0.847106994593,-0.577268953843,0.0,0.0,-0.581985640382
863,-0.422595361396,0.844333527035,-0.577193930571,0.0,0.0,-0.582135780205
864,-0.421641848452,0.841560059477,-0.577517547904,0.0,0.0,-0.582237660799
865,-0.420767299967,0.838786591919,-0.577516117375,0.0,0.0,-0.582404557299
866,-0.420545350991,0.83601312436,-0.57782431679,0.0,0.0,-0.582543972848
867,-0.42074934479,0.639096927731,-0.577689529217,0.0,0.0,-0.582647864244
868,-0.419942511407,0.636323460173,-0.57715212735,0.0,0.0,-0.582287260562
869,-0.419389158042,0.633549992615,-0.578605862184,0.0,0.0,-0.582800014868
870,-0.422272140844,0.630776525057,-0.578316100693,0.0,0.0,-0.58346223873
871,-0.422396896478,0.628003057499,-0.57811153512,0.0,0.0,-0.583176034692
872,-0.420032205179,0.62522958994,-0.578293212237,0.0,0.0,-0.583013159795
873,-0.419283835603,0.622456122382,-0.579238155774,0.0,0.0,-0.583668680987
874,-0.421430710901,0.619682654824,-0.579118309277,0.0,0.0,-0.584216959447
875,-0.419308058669,0.616909187266,-0.580055623328,0.0,0.0,-0.584723011083
876,-0.42076705363,0.614135719708,-0.579079367112,0.0,0.0,-0.584659335711
877,-0.422199663241,0.61136225215,-0.579048690224,0.0,0.0,-0.583999792918
878,-0.42267375107,0.608588784591,-0.578720940253,0.0,0.0,-0.583814799207
879,-0.420612847128,0.605815317033,-0.578577092667,0.0,0.0,-0.583521222232
880,-0.420970527386,0.603041849475,-0.579626941626,0.0,0.0,-0.584521930963
881,-0.42063967041,0.600268381917,-0.579367062285,0.0,0.0,-0.584531314701
882,-0.420904180818,0.597494914359,-0.579325418011,0.0,0.0,-0.582397854628
883,-0.420406034147,0.594721446801,-0.57931222536,0.0,0.0,-0.584283986154
884,-0.421095501985,0.591947979242,-0.57825045533,0.0,0.0,-0.583655945912
885,-0.421236789519,0.589174511684,-0.577192976886,0.0,0.0,-0.582387130355
886,-0.420891343962,0.586401044126,-0.577561894287,0.0,0.0,-0.581851586968
887,-0.420346448142,0.583627576568,-0.577576199572,0.0,0.0,-0.582122374863
888,-0.419684022552,0.58085410901,-0.576412226229,0.0,0.0,-0.581457469933
889,-0.418796254021,0.578080641452,-0.577252900134,0.0,0.0,-0.581115633729
890,-0.420352825514,0.575307173893,-0.577247019073,0.0,0.0,-0.581672625662
891,-0.419180949156,0.572533706335,-0.578434357714,0.0,0.0,-0.582229617594
892,-0.4204953721,0.569760238777,-0.57953030148,0.0,0.0,-0.583670691788
893,-0.420415723374,0.566986771219,-0.580235869917,0.0,0.0,-0.584698211201
894,-0.421368333085,0.564213303661,-0.579760457618,0.0,0.0,-0.584879183309
895,-0.421018426104,0.561439836103,-0.580075332832,0.0,0.0,-0.584772610846
896,-0.42052170271,0.558666368545,-0.579573376282,0.0,0.0,-0.584631854762
897,-0.420484615416,0.364523639473,-0.579852170388,0.0,0.0,-0.584592979272
898,-0.420839914424,0.361750171915,-0.579684957504,0.0,0.0,-0.584597000874
899,-0.421461256598,0.358976704357,-0.579317152736,0.0,0.0,-0.584268570011
900,-0.417576232608,0.356203236799,-0.580914735156,0.0,0.0,-0.584914037197
901,-0.420157617709,0.353429769241,-0.580615118913,0.0,0.0,-0.585524650494
902,-0.417447207146,0.350656301683,-0.581547823484,0.0,0.0,-0.585782703315
903,-0.409432738848,0.347882834124,-0.584334016127,0.0,0.0,-0.588579057518
904,-0.409944160307,0.345109366566,-0.580179284568,0.0,0.0,-0.587263993533
905,-0.421115263628,0.342335899008,-0.579668744847,0.0,0.0,-0.584606384613
906,-0.419801661804,0.33956243145,-0.579155503017,0.0,0.0,-0.584346991258
907,-0.419810447798,0.336788963892,-0.578549117888,0.0,0.0,-0.583317461044
908,-0.417319385995,0.334015496334,-0.580514187181,0.0,0.0,-0.583957566092
909,-0.40949295438,0.331242028775,-0.580811578158,0.0,0.0,-0.584895269719
910,-0.414617296124,0.328468561217,-0.573386181644,0.0,0.0,-0.583182737363
911,-0.42023630846,0.325695093659,-0.573271103575,0.0,0.0,-0.576747503255
912,-0.418019528404,0.322921626101,-0.572507042417,0.0,0.0,-0.576360759157
913,-0.420864958611,0.320148158543,-0.571677335897,0.0,0.0,-0.575342623483
914,-0.418738228145,0.317374690985,-0.572014145881,0.0,0.0,-0.575093954401
915,-0.418575564097,0.314601223426,-0.571557171504,0.0,0.0,-0.575055749178
916,-0.418813716525,0.311827755868,-0.570553894195,0.0,0.0,-0.574131450893
917,-0.419191842693,0.30905428831,-0.572011602719,0.0,0.0,-0.574393525316
918,-0.420411070356,0.306280820752,-0.571767618139,0.0,0.0,-0.575038992502
919,-0.419641899051,0.303507353194,-0.572786154419,0.0,0.0,-0.575435120338
920,-0.410132388584,0.300733885636,-0.568518411111,0.0,0.0,-0.573577810296
921,-0.414524892653,0.297960418078,-0.568763985167,0.0,0.0,-0.571319010281
