,Volume,Date,Market Cap,Negative,Positive,Avg
0,0.712405926374,-1.34939610744,2.27742702459,0.0,0.0,2.1858580707
1,1.60683085146,-1.352169575,2.0966219414,0.0,0.0,2.19199462416
2,2.46252045938,-1.35494304256,2.24677919924,0.0,0.0,2.11207644745
3,4.74005429979,-1.35771651012,1.95036289962,0.0,0.0,2.22544006784
4,1.5362034208,-1.36048997768,1.57979822718,0.0,0.0,1.74251417464
5,0.740480196194,-1.36326344523,1.41220657768,0.0,0.0,1.4888045083
6,0.939730940859,-1.36603691279,1.52409676968,0.0,0.0,1.45615988485
7,2.25457916733,-1.36881038035,1.35263854547,0.0,0.0,1.36103041942
8,1.10337882074,-1.37158384791,1.65090270076,0.0,0.0,1.46630728965
9,1.00140544778,-1.37435731547,1.86684235474,0.0,0.0,1.74334445033
10,1.85600271333,-1.37713078302,1.81395065038,0.0,0.0,1.7884972107
11,3.50608224561,-1.37990425058,1.98342179691,0.0,0.0,1.72024891772
12,1.23643040505,-1.38267771814,2.45789038104,0.0,0.0,2.1937791339
13,1.07965785654,-1.57682044721,2.38380529095,0.0,0.0,2.38222778149
14,0.941091014201,-1.57959391477,2.86801941525,0.0,0.0,2.63382647344
15,0.875807493765,-1.58236738233,3.04216715541,0.0,0.0,2.94065414655
16,1.1474794666,-1.58514084989,2.61236352096,0.0,0.0,2.84860584462
17,0.463952654431,-1.58791431744,2.59766294316,0.0,0.0,2.59700715266
18,1.90806032371,-1.590687785,2.8208104999,0.0,0.0,2.67678234767
19,0.781981709768,-1.59346125256,2.95400165827,0.0,0.0,2.88542516539
20,1.71087110753,-1.59623472012,2.92672680235,0.0,0.0,2.94679070001
21,2.91420402917,-1.59900818768,2.92933405075,0.0,0.0,2.87315205846
22,2.55590502273,-1.60178165524,3.02353039191,0.0,0.0,2.88542516539
23,2.76820497502,-1.60455512279,3.47613479339,0.0,0.0,3.21679905235
24,2.23884729536,-1.60732859035,3.44329738565,0.0,0.0,3.45612463738
25,3.68564405453,-1.61010205791,3.49068982092,0.0,0.0,3.49294395815
26,9.48256578937,-1.61287552547,2.81262804312,0.0,0.0,3.22907215927
27,7.49147196226,-1.61564899303,2.51378168673,0.0,0.0,2.53428973531
28,5.81735018861,-1.61842246058,3.72651290814,0.0,0.0,2.96477877917
29,1.69482866764,-1.62119592814,4.16259418924,0.0,0.0,3.9715951282
30,1.84447957226,-1.6239693957,4.56041473278,0.0,0.0,4.33978833594
31,2.00722787607,-1.62674286326,4.64103060044,0.0,0.0,4.6220697952
32,3.29302193737,-1.62951633082,4.36909206014,0.0,0.0,4.5238849398
33,6.46864326257,-1.63228979837,4.4665031639,0.0,0.0,4.3950173171
34,4.90243848948,-1.63506326593,4.83349236219,0.0,0.0,4.49320217249
35,3.6827204323,-1.63783673349,5.60215602217,0.0,0.0,5.16208649987
36,3.27636907085,-1.64061020105,7.85783723308,0.0,0.0,6.51212826156
37,2.29100128889,-1.64338366861,7.19444439172,0.0,0.0,7.6105713313
38,2.7005332943,-1.64615713617,7.01813871052,0.0,0.0,7.18101258895
39,6.46048282251,-1.64893060372,7.70393363772,0.0,0.0,7.42647472743
40,8.40438103371,-1.65170407128,7.25418328729,0.0,0.0,7.75784861439
41,6.832500364,-1.65447753884,5.65276322004,0.0,0.0,6.53667447541
42,3.12188829948,-1.6572510064,5.42080670752,0.0,0.0,5.49346038683
43,1.75455409307,-1.66002447396,5.24071039089,0.0,0.0,5.27254446219
44,4.69729230879,1.47396613209,4.74816193127,0.0,0.0,4.92276091485
45,8.40944650372,1.47119266453,5.00286225636,0.0,0.0,5.28481756912
46,7.80689117607,1.46841919697,3.14109071638,0.0,0.0,4.12500896476
47,2.77093583094,1.46564572941,3.0291245851,0.0,0.0,3.03270244848
48,2.78267315679,1.46287226186,2.51511062402,0.0,0.0,2.8179230773
49,0.73141161268,1.4600987943,2.36194743658,0.0,0.0,2.42518365572
50,0.460646712378,1.45732532674,2.17530135757,0.0,0.0,2.24722360532
51,0.534481560089,1.45455185918,2.49393622311,0.0,0.0,2.25411250023
52,1.32978284068,1.45177839162,2.47030012407,0.0,0.0,2.44972986957
53,4.70009812939,1.44900492406,2.47168601582,0.0,0.0,2.32762043319
54,3.60926576258,1.44623145651,1.53032379015,0.0,0.0,2.06007713438
55,0.804848076703,1.44345798895,1.54173366608,0.0,0.0,1.50048605147
56,1.27846416779,1.44068452139,1.5178950623,0.0,0.0,1.56543042407
57,1.16392885758,1.43791105383,1.39676559196,0.0,0.0,1.4419727869
58,0.58828584733,1.43513758627,1.46072544551,0.0,0.0,1.43008075994
59,1.15541501264,1.43236411872,1.46407310184,0.0,0.0,1.49348608494
60,3.14673373376,1.42959065116,1.72459543794,0.0,0.0,1.53895180954
61,6.53566167971,1.4268171836,0.765773507512,0.0,0.0,1.26143477038
62,2.6589814473,1.42404371604,0.525621881671,0.0,0.0,0.652016714327
63,1.39130741826,1.42127024848,0.230385172105,0.0,0.0,0.412923091021
64,-0.0854313019945,1.41849678093,0.191936484837,0.0,0.0,0.207952386897
65,-0.0617927989337,1.41572331337,0.213937358178,0.0,0.0,0.196223592265
66,-0.0541731754444,1.41294984581,0.23015102601,0.0,0.0,0.217636481916
67,0.432971897169,1.41017637825,0.160218548558,0.0,0.0,0.207802654993
68,0.0207015393654,1.40740291069,0.18225169609,0.0,0.0,0.167267037443
69,0.019974382043,1.40462944313,0.213612084954,0.0,0.0,0.192341608545
70,-0.0870483970709,1.40185597558,0.233153791471,0.0,0.0,0.221498828665
71,-0.161949884978,1.39908250802,0.230147229046,0.0,0.0,0.227691224764
72,-0.129757912794,1.39630904046,0.236528026547,0.0,0.0,0.233544883112
73,-0.147385320051,1.3935355729,0.236836846261,0.0,0.0,0.235122591007
74,-0.078051565457,1.39076210534,0.223870215221,0.0,0.0,0.224810112913
75,0.016098708479,1.19384590871,0.214292374284,0.0,0.0,0.21505544753
76,0.305538379604,1.19107244116,0.340007311128,0.0,0.0,0.270153106446
77,0.497838828211,1.1882989736,0.232879144429,0.0,0.0,0.288244279708
78,-0.0633338584138,1.18552550604,0.218867715544,0.0,0.0,0.225122463485
79,-0.131271128253,1.18275203848,0.230133939673,0.0,0.0,0.224146137829
80,-0.0463511473397,1.17997857092,0.208781081471,0.0,0.0,0.219617361374
81,-0.0475366600878,1.17720510337,0.205537841643,0.0,0.0,0.204550281658
82,-0.016266753375,1.17443163581,0.1961036525,0.0,0.0,0.203010620394
83,-0.095094248269,1.17165816825,0.180585461852,0.0,0.0,0.188204957856
84,-0.0407202295173,1.16888470069,0.193627399339,0.0,0.0,0.184987562876
85,-0.0441343348839,1.16611123313,0.177392848206,0.0,0.0,0.188067499058
86,-0.0664684526447,1.16333776557,0.169581228218,0.0,0.0,0.173942380299
87,-0.119489894521,1.16056429802,0.165688707597,0.0,0.0,0.165687488582
88,0.151210750347,1.15779083046,0.161340551331,0.0,0.0,0.167564660286
89,0.821083282901,1.1550173629,0.131734992524,0.0,0.0,0.173583391922
90,-0.16661482945,1.15224389534,0.12264569425,0.0,0.0,0.125851438126
91,-0.137628132474,1.14947042778,0.10979550343,0.0,0.0,0.118377116009
92,-0.132052902694,1.14669696023,0.0934824817145,0.0,0.0,0.100933962793
93,-0.00503276175136,1.14392349267,0.124552402856,0.0,0.0,0.107503143274
94,-0.12997959404,1.14115002511,0.114150620796,0.0,0.0,0.12170128702
95,-0.122986461027,1.13837655755,0.144162454719,0.0,0.0,0.129540120412
96,-0.115614220957,1.13560308999,0.143320794432,0.0,0.0,0.143647443167
97,-0.105930927129,1.13282962243,0.125676304111,0.0,0.0,0.134794851142
98,-0.151858569147,1.13005615488,0.112089502333,0.0,0.0,0.118336614756
99,-0.164538308024,1.12728268732,0.104442417439,0.0,0.0,0.110493485776
100,-0.223732555212,1.12450921976,0.107629968466,0.0,0.0,0.106529885895
101,-0.194759566062,1.1217357522,0.119357523685,0.0,0.0,0.113203387785
102,0.125863052756,1.11896228464,0.114778385461,0.0,0.0,0.126487185065
103,-0.0622254521859,1.11618881709,0.0864707554125,0.0,0.0,0.097048910796
104,-0.201283848595,1.11341534953,0.100250569512,0.0,0.0,0.0929773075738
105,-0.227034534847,0.919272620456,0.105512528375,0.0,0.0,0.103849439343
106,-0.236716329382,0.916499152898,0.107147121249,0.0,0.0,0.106712755188
107,-0.207077439757,0.91372568534,0.102959070286,0.0,0.0,0.105214822488
108,-0.245251806984,0.910952217782,0.105968796847,0.0,0.0,0.105139342881
109,-0.242298091798,0.908178750224,0.108591865937,0.0,0.0,0.107233134922
110,-0.233120166954,0.905405282666,0.11048275386,0.0,0.0,0.109874921187
111,-0.193684037198,0.902631815107,0.116990749644,0.0,0.0,0.112781192907
112,-0.0383320692389,0.899858347549,0.0888368966258,0.0,0.0,0.105673223032
113,-0.16702092379,0.897084879991,0.108191919094,0.0,0.0,0.096410709236
114,-0.19279302852,0.894311412433,0.12636608585,0.0,0.0,0.11646373864
115,-0.148930663227,0.891537944875,0.124492917091,0.0,0.0,0.120515091236
116,-0.0783599915378,0.888764477317,0.136433102277,0.0,0.0,0.135151384898
117,0.0521192335753,0.885991009759,0.144097273509,0.0,0.0,0.144524970312
118,0.105325945285,0.8832175422,0.175763317951,0.0,0.0,0.157819813388
119,0.166411444066,0.880444074642,0.23643626659,0.0,0.0,0.206358110308
120,0.75744684341,0.877670607084,0.254208588022,0.0,0.0,0.258972306038
121,0.0260625843671,0.874897139526,0.239945293878,0.0,0.0,0.246085543767
122,-0.0478857812765,0.872123671968,0.248753616838,0.0,0.0,0.248861720553
123,0.152943505204,0.86935020441,0.218467768701,0.0,0.0,0.229457938506
124,-0.0116414330868,0.866576736851,0.259410428293,0.0,0.0,0.240166837953
125,-0.101382713361,0.863803269293,0.248690334109,0.0,0.0,0.254083313894
126,0.13726517943,0.861029801735,0.229503643699,0.0,0.0,0.235238571867
127,0.379359305305,0.858256334177,0.292849021957,0.0,0.0,0.252703203021
128,0.293394102673,0.855482866619,0.194057089064,0.0,0.0,0.244088095615
129,-0.190543338701,0.852709399061,0.183434450283,0.0,0.0,0.188647403361
130,-0.0946508857778,0.849935931502,0.188812849366,0.0,0.0,0.190080288594
131,0.158951388236,0.847162463944,0.135083914509,0.0,0.0,0.166444125624
132,-0.141684792176,0.844388996386,0.105080940168,0.0,0.0,0.122541994844
133,-0.221864756853,0.841615528828,0.105058791213,0.0,0.0,0.105606334599
134,-0.191119388662,0.83884206127,0.11201799285,0.0,0.0,0.108483150862
135,-0.219034947561,0.836068593712,0.0915017323169,0.0,0.0,0.104037831534
136,-0.215411155297,0.639152397082,0.0822865014136,0.0,0.0,0.0900262390139
137,-0.196603697004,0.636378929524,0.0878205760084,0.0,0.0,0.0829139735511
138,-0.147693746132,0.633605461966,0.103415971585,0.0,0.0,0.0953049023021
139,-0.00636177830092,0.630831994408,0.0615955805501,0.0,0.0,0.0880042446481
140,-0.199056648178,0.62805852685,0.0535162746208,0.0,0.0,0.0622540390099
141,-0.235872976818,0.625285059292,0.0378689872073,0.0,0.0,0.0476435188717
142,-0.251996914023,0.622511591733,0.0443124346086,0.0,0.0,0.0424004475935
143,-0.239241996289,0.619738124175,0.0326557560453,0.0,0.0,0.0389553864798
144,-0.234135831173,0.616964656617,0.0282784897248,0.0,0.0,0.0320738554273
145,-0.227347780086,0.614191189059,0.0511216561798,0.0,0.0,0.0417413817517
146,-0.237052064022,0.611417721501,0.0577448265296,0.0,0.0,0.0579161093674
147,-0.2161428105,0.608644253943,0.0725675399926,0.0,0.0,0.0662151842697
148,-0.179354647158,0.605870786384,0.0446389734869,0.0,0.0,0.0604044817964
149,-0.22137427371,0.603097318826,0.0448022429261,0.0,0.0,0.0435308007413
150,-0.18353414183,0.600323851268,0.053411858119,0.0,0.0,0.05076886555
151,0.0359182969421,0.59755038371,0.0124299632352,0.0,0.0,0.0298106945104
152,-0.110670836273,0.594776916152,0.0983077897517,0.0,0.0,0.0569471475757
153,-0.161070656463,0.592003448594,0.120639631761,0.0,0.0,0.109408543124
154,-0.172798879463,0.589229981035,0.133329084452,0.0,0.0,0.131581751749
155,-0.125871529992,0.586456513477,0.127634271727,0.0,0.0,0.13463161882
156,-0.148626520842,0.583683045919,0.12057951317,0.0,0.0,0.121994614275
157,-0.219206295384,0.580909578361,0.124675171349,0.0,0.0,0.123715303866
158,-0.111960228639,0.578136110803,0.154573729188,0.0,0.0,0.139651319552
159,-0.163631235488,0.575362643245,0.161288026667,0.0,0.0,0.158862413821
160,-0.0991434115034,0.572589175686,0.133551206828,0.0,0.0,0.150241783517
161,-0.0141773808623,0.569815708128,0.109670836455,0.0,0.0,0.117351697926
162,-0.0174147837868,0.56704224057,0.167108772021,0.0,0.0,0.13532259474
163,-0.0742669204238,0.564268773012,0.163343449684,0.0,0.0,0.167634616995
164,0.0793057074892,0.561495305454,0.217013531603,0.0,0.0,0.187471639717
165,0.0296662432626,0.558721837896,0.232677272526,0.0,0.0,0.2247855667
166,0.189231761273,0.364579108825,0.164141444888,0.0,0.0,0.203832918558
167,-0.0799856540053,0.361805641266,0.143061335246,0.0,0.0,0.157210453629
168,0.0148810680142,0.359032173708,0.155569799333,0.0,0.0,0.150598317273
169,0.306919871424,0.35625870615,0.105582139376,0.0,0.0,0.136741979556
170,-0.0662938920503,0.353485238592,0.127886136986,0.0,0.0,0.115351795152
171,-0.0768424923833,0.350711771034,0.141571026993,0.0,0.0,0.142534886024
172,0.266241898323,0.347938303476,0.139008709322,0.0,0.0,0.142529363126
173,1.16354332498,0.345164835917,0.224351163956,0.0,0.0,0.205380557341
174,1.62194158757,0.342391368359,0.196727620201,0.0,0.0,0.225516430217
175,1.27886040963,0.339617900801,0.0850696758067,0.0,0.0,0.136494062796
176,0.204776221561,0.336844433243,-0.00364701390383,0.0,0.0,0.0447335652199
177,-0.200617948119,0.334070965685,-0.0129666613089,0.0,0.0,-0.0061550316763
178,-0.180785187292,0.331297498127,-0.000872066265392,0.0,0.0,-0.00534377930859
179,-0.11708995408,0.328524030568,-0.00678393874848,0.0,0.0,0.000556516845334
180,-0.213960053424,0.32575056301,0.00212120678588,0.0,0.0,-0.0017035757948
181,-0.158447963852,0.322977095452,0.00321599798645,0.0,0.0,-0.000913801364215
182,-0.166272133805,0.320203627894,0.0239670374419,0.0,0.0,0.0129321042126
183,-0.183648623594,0.317430160336,0.0206307720029,0.0,0.0,0.0280679133272
184,-0.156007328303,0.314656692778,0.0331765728997,0.0,0.0,0.0248149263368
185,-0.204166454434,0.311883225219,0.0469506915538,0.0,0.0,0.0435350963287
186,-0.216128245935,0.309109757661,0.0492662065843,0.0,0.0,0.0501779154516
187,-0.222443377031,0.306336290103,0.0564298114343,0.0,0.0,0.0546821456928
188,-0.169279930647,0.303562822545,0.0791381856778,0.0,0.0,0.0681439030229
189,-0.0812257838719,0.300789354987,0.0477752655043,0.0,0.0,0.06571935075
190,-0.21185268939,0.298015887429,0.048053709509,0.0,0.0,0.0492261360096
191,-0.194600640957,0.295242419871,0.0618392190543,0.0,0.0,0.0599264442817
192,-0.15164759714,0.292468952312,0.0338543309204,0.0,0.0,0.0501613467572
193,-0.225648438054,0.289695484754,0.0355300575672,0.0,0.0,0.0359625893563
194,-0.240310457055,0.286922017196,0.0321665805551,0.0,0.0,0.0353207058642
195,-0.216790398177,0.284148549638,0.0426291140343,0.0,0.0,0.0392407362158
196,-0.145557252968,0.28137508208,0.019566356512,0.0,0.0,0.0316412284082
197,-0.212686189454,0.0872323530085,0.0123521254793,0.0,0.0,0.0159561977588
198,-0.230519321191,0.0844588854504,0.023134869564,0.0,0.0,0.0190907492673
199,-0.187387540177,0.0816854178922,0.0127621975591,0.0,0.0,0.0148252309557
200,-0.194077815913,0.0789119503341,0.0321494942184,0.0,0.0,0.0229739602982
201,-0.236994769594,0.0761384827759,0.0369899901104,0.0,0.0,0.0363761930597
202,-0.192005792367,0.0733650152177,0.0427436557726,0.0,0.0,0.0388842024597
203,-0.0953844686436,0.0705915476596,0.0783990434106,0.0,0.0,0.058262824638
204,-0.213372651669,0.0678180801014,0.0844412783141,0.0,0.0,0.082305841103
205,-0.0644615412717,0.0650446125433,0.0810214796737,0.0,0.0,0.0880582463185
206,-0.18415677698,0.0622711449851,0.0533973030915,0.0,0.0,0.0699400722213
207,-0.161872778458,0.059497677427,0.0709943313656,0.0,0.0,0.0649694639169
208,-0.0777302882895,0.0567242098688,0.0239537480689,0.0,0.0,0.0496919004174
209,-0.115763079378,0.0539507423106,0.0687357707906,0.0,0.0,0.040277813751
210,0.0428011247939,0.0511772747525,0.0473398803332,0.0,0.0,0.0565715905039
211,0.0608397668251,0.0484038071943,-0.0241961814558,0.0,0.0,0.00680721020195
212,0.00221632207134,0.0456303396362,0.0226532880012,0.0,0.0,-0.0172376472291
213,-0.132896790721,0.042856872078,0.0747419345389,0.0,0.0,0.0502454175396
214,-0.170102186011,0.0400834045198,0.0985931948566,0.0,0.0,0.0847715082842
215,-0.041899316722,0.0373099369617,0.110839668448,0.0,0.0,0.118140858701
216,-0.110146083566,0.0345364694035,0.0583156367394,0.0,0.0,0.082623100917
217,0.016642737816,0.0317630018454,0.0879199298919,0.0,0.0,0.0705997517185
218,-0.146189098064,0.0289895342872,0.179159701982,0.0,0.0,0.134234583811
219,-0.185397763586,0.026216066729,0.185984744235,0.0,0.0,0.192838669375
220,-0.140608513665,0.0234425991709,0.192906609063,0.0,0.0,0.18373693328
221,-0.179343830827,0.0206691316127,0.229539082027,0.0,0.0,0.215202724813
222,-0.227066555472,0.0178956640546,0.233212011581,0.0,0.0,0.235333688446
223,-0.195531809281,0.0151221964964,0.230187097165,0.0,0.0,0.239119941932
224,-0.214040801085,0.0123487289382,0.241613426597,0.0,0.0,0.241303941309
225,-0.209372750934,0.00957526138008,0.239519401116,0.0,0.0,0.244839209759
226,-0.216090442321,0.00680179382192,0.228699320222,0.0,0.0,0.23741398007
227,-0.216608769485,0.00402832626376,0.248918151931,0.0,0.0,0.242790828213
228,-0.201451448184,-0.192887870366,0.256682942701,0.0,0.0,0.259220836453
229,-0.177911684306,-0.195661337924,0.29183017003,0.0,0.0,0.278024463572
230,-0.138787943049,-0.198434805482,0.279293861543,0.0,0.0,0.286702777478
231,-0.0738117777699,-0.20120827304,0.283888187621,0.0,0.0,0.273374183358
232,0.0259437118151,-0.203981740598,0.335944559968,0.0,0.0,0.307371303194
233,-0.103911164669,-0.206755208156,0.365136882559,0.0,0.0,0.350748758653
234,0.0619374638141,-0.209528675715,0.385418996997,0.0,0.0,0.384105835963
235,-0.0842318672358,-0.212302143273,0.333400594288,0.0,0.0,0.365755086489
236,-0.0656727561932,-0.215075610831,0.33862774765,0.0,0.0,0.341888189109
237,0.109896648455,-0.217849078389,0.398569147949,0.0,0.0,0.364751759998
238,0.575873839426,-0.220622545947,0.319990984149,0.0,0.0,0.373304888214
239,-0.097367819691,-0.223396013505,0.300082237808,0.0,0.0,0.318103521544
240,-0.0250194143416,-0.226169481063,0.26156836933,0.0,0.0,0.287963839215
241,-0.1434250435,-0.228942948622,0.247696795274,0.0,0.0,0.2586924792
242,-0.179617558973,-0.23171641618,0.240703420964,0.0,0.0,0.246805361488
243,-0.0688887406399,-0.234489883738,0.286704269033,0.0,0.0,0.257294572321
244,0.187648935761,-0.237263351296,0.256695599247,0.0,0.0,0.292931379242
245,-0.154146062579,-0.240036818854,0.22759313813,0.0,0.0,0.250901510924
246,-0.113445600077,-0.242810286412,0.27428819773,0.0,0.0,0.257633310072
247,-0.151330603668,-0.245583753971,0.241228667609,0.0,0.0,0.264535091751
248,-0.106185807015,-0.248357221529,0.305163840895,0.0,0.0,0.279568420423
249,-0.164271647975,-0.251130689087,0.315415642889,0.0,0.0,0.321015316162
250,-0.163554128968,-0.253904156645,0.298519154417,0.0,0.0,0.311503658296
251,-0.117839600804,-0.256677624203,0.307745776212,0.0,0.0,0.309123902863
252,-0.131889051339,-0.259451091761,0.330603497694,0.0,0.0,0.313817138951
253,-0.190025761184,-0.26222455932,0.344861096393,0.0,0.0,0.333146055046
254,-0.109648103957,-0.264998026878,0.341253980877,0.0,0.0,0.338097640035
255,-0.107542667586,-0.267771494436,0.346322927418,0.0,0.0,0.334745854534
256,0.0404836454923,-0.270544961994,0.42742607208,0.0,0.0,0.383927875912
257,0.356558264727,-0.273318429552,0.202447746017,0.0,0.0,0.319330832237
258,-0.102010274761,-0.467461158623,0.109049400063,0.0,0.0,0.156785804129
259,-0.174631016056,-0.470234626182,0.173994565694,0.0,0.0,0.148648734238
260,-0.181327610243,-0.47300809374,0.161887314104,0.0,0.0,0.171139202678
261,-0.143098411713,-0.475781561298,0.127269130384,0.0,0.0,0.154344683162
262,-0.000366746355363,-0.478555028856,0.272041660873,0.0,0.0,0.179790515749
263,-0.00207701181036,-0.481328496414,0.205199911874,0.0,0.0,0.2772586217
264,-0.019351014183,-0.484101963972,0.323591771392,0.0,0.0,0.271053338839
265,-0.0960687890104,-0.48687543153,0.404599991962,0.0,0.0,0.388652408423
266,-0.110117168621,-0.489648899089,0.3760531532,0.0,0.0,0.395593464044
267,0.0105213368512,-0.492422366647,0.437146299156,0.0,0.0,0.388989305208
268,-0.135053631439,-0.495195834205,0.473141515045,0.0,0.0,0.461009737607
269,-0.0193649361936,-0.497969301763,0.413320351929,0.0,0.0,0.439742897928
270,0.0150138625768,-0.500742769321,0.498359682295,0.0,0.0,0.440379872177
271,-0.0195234329295,-0.503516236879,0.569324933874,0.0,0.0,0.528330797364
272,0.230355238713,-0.506289704438,0.472825101403,0.0,0.0,0.535606295149
273,0.198128996965,-0.509063171996,0.266048786498,0.0,0.0,0.369051643009
274,-0.0342175796471,-0.511836639554,0.145440765832,0.0,0.0,0.210856203996
275,-0.199344405427,-0.514610107112,0.133586645156,0.0,0.0,0.142431178271
276,-0.148615811603,-0.51738357467,0.113025453886,0.0,0.0,0.119163208508
277,-0.141618394895,-0.520157042228,0.0549996217735,0.0,0.0,0.0867560696738
278,-0.162968333599,-0.522930509787,0.0564127250977,0.0,0.0,0.0536690007162
279,-0.125386401469,-0.525703977345,-0.00739208576798,0.0,0.0,0.0393573307316
280,-0.0448422155763,-0.528477444903,0.0904316213804,0.0,0.0,0.044549468616
281,0.157143668707,-0.531250912461,-0.0478670859977,0.0,0.0,0.0457497784732
282,-0.00733096442288,-0.534024380019,-0.143202516267,0.0,0.0,-0.0902485193566
283,-0.179358609576,-0.536797847577,-0.163618157262,0.0,0.0,-0.149227548337
284,-0.0765115769007,-0.539571315136,-0.195324702651,0.0,0.0,-0.17093560621
285,-0.10977018928,-0.542344782694,-0.241634370435,0.0,0.0,-0.216751114359
286,-0.228112633929,-0.545118250252,-0.258794115056,0.0,0.0,-0.251511621446
287,-0.237809100122,-0.54789171781,-0.257018401698,0.0,0.0,-0.259618008569
288,-0.207913831316,-0.550665185368,-0.264368690597,0.0,0.0,-0.260300393314
289,-0.229070896627,-0.747581381997,-0.261425410901,0.0,0.0,-0.263465013935
290,-0.151552284914,-0.750354849556,-0.281203161995,0.0,0.0,-0.268945569832
291,-0.187147010671,-0.753128317114,-0.304493104512,0.0,0.0,-0.2937924748
292,-0.256178764728,-0.755901784672,-0.309327904958,0.0,0.0,-0.308542908358
293,-0.261254836882,-0.75867525223,-0.31037586694,0.0,0.0,-0.31117978538
294,-0.259597582159,-0.761448719788,-0.312727453125,0.0,0.0,-0.312407709728
295,-0.267239641504,-0.764222187346,-0.313141954996,0.0,0.0,-0.314913878162
296,-0.268692810261,-0.766995654905,-0.31160355187,0.0,0.0,-0.314252357699
297,-0.26436174773,-0.769769122463,-0.3086191384,0.0,0.0,-0.311968946156
298,-0.243773075274,-0.772542590021,-0.316759195749,0.0,0.0,-0.31431679151
299,-0.24655244405,-0.775316057579,-0.316158642657,0.0,0.0,-0.318870114179
300,-0.259815622264,-0.778089525137,-0.309219691493,0.0,0.0,-0.313911165326
301,-0.264415658039,-0.780862992695,-0.308132494219,0.0,0.0,-0.309443754406
302,-0.265526152568,-0.783636460254,-0.308700140293,0.0,0.0,-0.30922161117
303,-0.26761764551,-0.786409927812,-0.307557887046,0.0,0.0,-0.308934420468
304,-0.268696783388,-0.78918339537,-0.308393851888,0.0,0.0,-0.308625751829
305,-0.264523724969,-0.791956862928,-0.306652311203,0.0,0.0,-0.307942753429
306,-0.257023937863,-0.794730330486,-0.306217558859,0.0,0.0,-0.306885425267
307,-0.259632065909,-0.797503798044,-0.309677858446,0.0,0.0,-0.308890850939
308,-0.261919559341,-0.800277265603,-0.308076172591,0.0,0.0,-0.309730945108
309,-0.261157382808,-0.803050733161,-0.307017452546,0.0,0.0,-0.308271672695
310,-0.257213277207,-0.805824200719,-0.303036968932,0.0,0.0,-0.306843696704
311,-0.25819103072,-0.808597668277,-0.301717524046,0.0,0.0,-0.303109603922
312,-0.23458529793,-0.811371135835,-0.310299294838,0.0,0.0,-0.307556764216
313,-0.222334356979,-0.814144603393,-0.303343257337,0.0,0.0,-0.308869986657
314,-0.228657412913,-0.816918070951,-0.299272912249,0.0,0.0,-0.300475795176
315,-0.189913742545,-0.81969153851,-0.309610778754,0.0,0.0,-0.305881485121
316,-0.107439858892,-0.822465006068,-0.244895962254,0.0,0.0,-0.279591262778
317,-0.0270434604968,-0.825238473626,-0.336122318406,0.0,0.0,-0.283347447152
318,-0.241190006848,-0.828011941184,-0.336582320559,0.0,0.0,-0.338660499095
319,-0.196166545871,-1.02215467026,-0.357154143327,0.0,0.0,-0.349297600866
320,-0.252794431045,-1.02492813781,-0.364072337757,0.0,0.0,-0.36225247888
321,-0.270440654435,-1.02770160537,-0.36548936461,0.0,0.0,-0.36740963841
322,-0.270690126155,-1.03047507293,-0.365391086533,0.0,0.0,-0.36817179835
323,-0.267236535825,-1.03324854049,-0.365594224091,0.0,0.0,-0.367999361198
324,-0.268158515622,-1.03602200805,-0.366357793491,0.0,0.0,-0.368406828348
325,-0.261883255021,-1.0387954756,-0.363179355177,0.0,0.0,-0.367335386113
326,-0.247791181716,-1.04156894316,-0.363119489716,0.0,0.0,-0.366330832311
327,-0.260833535423,-1.04434241072,-0.370818150034,0.0,0.0,-0.369583205646
328,-0.269039564707,-1.04711587828,-0.371707272368,0.0,0.0,-0.373973909648
329,-0.270786337958,-1.04988934584,-0.371497236992,0.0,0.0,-0.374451947163
330,-0.270355537404,-1.0526628134,-0.371688730528,0.0,0.0,-0.374457470061
331,-0.26947924322,-1.05543628095,-0.37211253496,0.0,0.0,-0.374678999641
332,-0.266286465694,-1.05820974851,-0.373528106311,0.0,0.0,-0.375317814857
333,-0.270335939497,-1.06098321607,-0.372892051608,0.0,0.0,-0.376215592628
334,-0.269888079125,-1.06375668363,-0.373118034231,0.0,0.0,-0.375947425242
335,-0.272548382583,-1.06653015119,-0.372995898565,0.0,0.0,-0.37585537694
336,-0.272566866729,-1.06930361874,-0.37305399211,0.0,0.0,-0.375901401091
337,-0.271278481032,-1.0720770863,-0.373229981377,0.0,0.0,-0.376005108844
338,-0.272382453635,-1.07485055386,-0.373364900154,0.0,0.0,-0.376234002289
339,-0.272074498761,-1.07762402142,-0.373330411067,0.0,0.0,-0.37616527289
340,-0.270654614319,-1.08039748898,-0.372683535018,0.0,0.0,-0.37595294814
341,-0.271810976519,-1.08317095653,-0.372678345834,0.0,0.0,-0.375531980573
342,-0.270346123983,-1.08594442409,-0.372521341385,0.0,0.0,-0.375417227023
343,-0.270914334781,-1.08871789165,-0.373690869488,0.0,0.0,-0.376065860724
344,-0.272925979638,-1.09149135921,-0.373519373294,0.0,0.0,-0.376488055602
345,-0.272903211796,-1.09426482677,-0.373138347987,0.0,0.0,-0.37619166007
346,-0.272552291455,-1.09703829433,-0.372988431203,0.0,0.0,-0.375890355295
347,-0.271126452677,-1.09981176188,-0.373852936555,0.0,0.0,-0.376373302052
348,-0.269940243828,-1.10258522944,-0.375289960751,0.0,0.0,-0.377358832538
349,-0.272275971673,-1.105358697,-0.375041829173,0.0,0.0,-0.378084786813
350,-0.272208621269,-1.30782182875,-0.374847234783,0.0,0.0,-0.377863257233
351,-0.27333547309,-1.3105952963,-0.374712569137,0.0,0.0,-0.377639273031
352,-0.273745372422,-1.31336876386,-0.374714657467,0.0,0.0,-0.377552747628
353,-0.273288940376,-1.31614223142,-0.374631124266,0.0,0.0,-0.377542315487
354,-0.272583080517,-1.31891569898,-0.374199979037,0.0,0.0,-0.377290103139
355,-0.27321830652,-1.32168916654,-0.374301547816,0.0,0.0,-0.377078392045
356,-0.273485845797,-1.32446263409,-0.374317368499,0.0,0.0,-0.377126870817
357,-0.273322670195,-1.32723610165,-0.37426636262,0.0,0.0,-0.37716737207
358,-0.273079531918,-1.33000956921,-0.37424573245,0.0,0.0,-0.377109688468
359,-0.273061605723,-1.33278303677,-0.374927224152,0.0,0.0,-0.377423880005
360,-0.272022815974,-1.33555650433,-0.374083222404,0.0,0.0,-0.377405470345
361,-0.272779155972,-1.33832997189,-0.374105751055,0.0,0.0,-0.376864226329
362,-0.272570068792,-1.34110343944,-0.373640686284,0.0,0.0,-0.376523033957
363,-0.273151088911,-1.343876907,-0.373308578526,0.0,0.0,-0.376261616779
364,-0.273303319671,-1.34665037456,-0.373400338482,0.0,0.0,-0.376085497695
365,-0.273526400614,-1.34942384212,-0.373337055754,0.0,0.0,-0.376101452734
366,-0.273775244773,-1.35219730968,-0.373193087547,0.0,0.0,-0.376011859053
367,-0.27366373161,-1.35497077723,-0.373284214675,0.0,0.0,-0.375974426077
368,-0.273155941267,-1.35774424479,-0.373102150266,0.0,0.0,-0.375816716653
369,-0.272200771397,-1.36051771235,-0.373025071903,0.0,0.0,-0.375855990595
370,-0.273100843304,-1.36329117991,-0.373086329584,0.0,0.0,-0.374876596663
371,-0.273009575957,-1.36606464747,-0.373015642776,0.0,0.0,-0.375704417725
372,-0.273607873291,-1.36883811503,-0.373010706723,0.0,0.0,-0.375674348613
373,-0.273629040102,-1.37161158258,-0.372882938895,0.0,0.0,-0.375599482661
374,-0.273685599876,-1.37438505014,-0.372898316598,0.0,0.0,-0.375578618379
375,-0.273434922295,-1.3771585177,-0.372948436519,0.0,0.0,-0.375630779083
376,-0.273303600253,-1.37993198526,-0.372776054367,0.0,0.0,-0.37552707133
377,-0.272054975818,-1.38270545282,-0.373308705091,0.0,0.0,-0.375697667516
378,-0.273313714058,-1.57684818189,-0.373125248462,0.0,0.0,-0.37590017378
379,-0.2736024587,-1.57962164945,-0.373096581386,0.0,0.0,-0.375782351954
380,-0.273673831494,-1.582395117,-0.373204605003,0.0,0.0,-0.375822853207
381,-0.27376345176,-1.58516858456,-0.37308044429,0.0,0.0,-0.375850467697
382,-0.273031738727,-1.58794205212,-0.372435719854,0.0,0.0,-0.375388385222
383,-0.272472496916,-1.59071551968,-0.3728440833,0.0,0.0,-0.37511039935
384,-0.27346251572,-1.59348898724,-0.372805227704,0.0,0.0,-0.375463251174
385,-0.273476689398,-1.59626245479,-0.372382688927,0.0,0.0,-0.375232516764
386,-0.273690257324,-1.59903592235,-0.37235978058,0.0,0.0,-0.375041056296
387,-0.273633943862,-1.60180938991,-0.372387561697,0.0,0.0,-0.375029396844
388,-0.27342907398,-1.60458285747,-0.372416418621,0.0,0.0,-0.374985827314
389,-0.27335804174,-1.60735632503,-0.37162684002,0.0,0.0,-0.37463297549
390,-0.273207435571,-1.61012979259,-0.372407242626,0.0,0.0,-0.374644634942
391,-0.272584108604,-1.61290326014,-0.372229228311,0.0,0.0,-0.374752024628
392,-0.272049267794,-1.6156767277,-0.372270298802,0.0,0.0,-0.374906052119
393,-0.273273190298,-1.61845019526,-0.37232801265,0.0,0.0,-0.37487168742
394,-0.273185869306,-1.62122366282,-0.37204874597,0.0,0.0,-0.374775957186
395,-0.272621505266,-1.62399713038,-0.372647590428,0.0,0.0,-0.374968644965
396,-0.271816673834,-1.62677059793,-0.373056649984,0.0,0.0,-0.375484115456
397,-0.268653325297,-1.62954406549,-0.373273203481,0.0,0.0,-0.375513570912
398,-0.2703420866,-1.63231753305,-0.372602976105,0.0,0.0,-0.375446068824
399,-0.271333483683,-1.63509100061,-0.373871225264,0.0,0.0,-0.37565102971
400,-0.273270008584,-1.63786446817,-0.373682642733,0.0,0.0,-0.376259162158
401,-0.273428635972,-1.64063793572,-0.37335066154,0.0,0.0,-0.376011245398
402,-0.272575219936,-1.64341140328,-0.373425082029,0.0,0.0,-0.375997131325
403,-0.272152076488,-1.64618487084,-0.373778579349,0.0,0.0,-0.376143794953
404,-0.269676079032,-1.6489583384,-0.372916415458,0.0,0.0,-0.37591735613
405,-0.272262831437,-1.65173180596,-0.373345345791,0.0,0.0,-0.375541799058
406,-0.272935264548,-1.65450527352,-0.373563797769,0.0,0.0,-0.375940675033
407,-0.272901616119,-1.65727874107,-0.37334300433,0.0,0.0,-0.375898332814
408,-0.273573376691,-1.66005220863,-0.373028805584,0.0,0.0,-0.375584141277
409,-0.273729832246,1.47393839741,-0.37327225424,0.0,0.0,-0.375667598404
410,-0.27254476286,1.47116492985,-0.373423373395,0.0,0.0,-0.37580260258
411,-0.272581624061,1.4683914623,-0.373947354386,0.0,0.0,-0.376127226258
412,-0.271811544109,1.46561799474,-0.373919509985,0.0,0.0,-0.376258548502
413,-0.271375817305,1.46284452718,-0.37361530991,0.0,0.0,-0.376129067224
414,-0.272264855483,1.46007105962,-0.373348509927,0.0,0.0,-0.37580137527
415,-0.271678053445,1.45729759206,-0.373560000806,0.0,0.0,-0.375796466027
416,-0.271349397612,1.45452412451,-0.373731180586,0.0,0.0,-0.376012472709
417,-0.270258265387,1.45175065695,-0.373533865039,0.0,0.0,-0.375929015582
418,-0.270919485925,1.44897718939,-0.373414766944,0.0,0.0,-0.375781738298
419,-0.271558045714,1.44620372183,-0.373308705091,0.0,0.0,-0.375626483496
420,-0.271575341135,1.44343025427,-0.373213464585,0.0,0.0,-0.375500070495
421,-0.272833698126,1.44065678671,-0.373119363168,0.0,0.0,-0.375390226188
422,-0.272742958745,1.43788331916,-0.373212768475,0.0,0.0,-0.375399431018
423,-0.272052651914,1.4351098516,-0.372842880928,0.0,0.0,-0.375238039662
424,-0.27126402356,1.43233638404,-0.372937994869,0.0,0.0,-0.375033692431
425,-0.272896989728,1.42956291648,-0.372768966701,0.0,0.0,-0.375130649976
426,-0.271877255999,1.42678944892,-0.372757259396,0.0,0.0,-0.375016510082
427,-0.271937345538,1.42401598137,-0.372584877244,0.0,0.0,-0.374958212824
428,-0.272469616131,1.42124251381,-0.372667397922,0.0,0.0,-0.374880278595
429,-0.272974159433,1.41846904625,-0.372503558938,0.0,0.0,-0.374748342695
430,-0.272632160959,1.41569557869,-0.371769226159,0.0,0.0,-0.374364194449
431,-0.271428442505,1.41292211113,-0.371877186493,0.0,0.0,-0.374069639883
432,-0.271034685208,1.41014864358,-0.372431606476,0.0,0.0,-0.374354375963
433,-0.271017850285,1.40737517602,-0.372876927036,0.0,0.0,-0.374974781518
434,-0.272526525026,1.40460170846,-0.373373506605,0.0,0.0,-0.375439932271
435,-0.273092865992,1.4018282409,-0.373168027586,0.0,0.0,-0.375454046344
436,-0.272772184258,1.39905477334,-0.373015579494,0.0,0.0,-0.375396976396
437,-0.272722525517,1.39628130578,-0.372742704369,0.0,0.0,-0.375061920577
438,-0.27214149576,1.39350783823,-0.372755297632,0.0,0.0,-0.374994418489
439,-0.272799075157,1.39073437067,-0.372766118978,0.0,0.0,-0.375009146218
440,-0.272420707037,1.19381817404,-0.37263765504,0.0,0.0,-0.374922007158
441,-0.272360349766,1.19104470648,-0.372115382683,0.0,0.0,-0.374550745674
442,-0.272074327413,1.18827123892,-0.371950341327,0.0,0.0,-0.374219371787
443,-0.273459685269,1.18549777136,-0.371262078374,0.0,0.0,-0.373681196048
444,-0.273421478988,1.18272430381,-0.372374335607,0.0,0.0,-0.373991705654
445,-0.272955570336,1.17995083625,-0.372253212465,0.0,0.0,-0.374485698207
446,-0.272045273248,1.17717736869,-0.372000587813,0.0,0.0,-0.374296078705
447,-0.270026828025,1.17440390113,-0.371157092327,0.0,0.0,-0.373719856335
448,-0.271451745809,1.17163043357,-0.370855486844,0.0,0.0,-0.373085336707
449,-0.271244082957,1.16885696602,-0.37066798012,0.0,0.0,-0.372819623942
450,-0.272013777376,1.16608349846,-0.370326822931,0.0,0.0,-0.372543479036
451,-0.272633328266,1.1633100309,-0.370376563156,0.0,0.0,-0.372385769612
452,-0.271358264862,1.16053656334,-0.370501736392,0.0,0.0,-0.372479045225
453,-0.271450749849,1.15776309578,-0.370260565915,0.0,0.0,-0.372369200918
454,-0.27091013676,1.15498962822,-0.370176146755,0.0,0.0,-0.372154421547
455,-0.270725670119,1.15221616067,-0.369697286349,0.0,0.0,-0.371875208364
456,-0.272647721483,1.14944269311,-0.369346067207,0.0,0.0,-0.37141558051
457,-0.271663906541,1.14666922555,-0.369834293456,0.0,0.0,-0.371537084269
458,-0.272192932234,1.14389575799,-0.369783983687,0.0,0.0,-0.371716885285
459,-0.271838242241,1.14112229043,-0.369624954191,0.0,0.0,-0.371611950221
460,-0.271236972022,1.13834882288,-0.369798728563,0.0,0.0,-0.371613177532
461,-0.270192939029,1.13557535532,-0.369517373553,0.0,0.0,-0.371501492259
462,-0.271369306088,1.13280188776,-0.369729876955,0.0,0.0,-0.371445649622
463,-0.271549842437,1.1300284202,-0.369537117764,0.0,0.0,-0.371495355705
464,-0.273181623093,1.12725495264,-0.369462064448,0.0,0.0,-0.371313100067
465,-0.272986475058,1.12448148508,-0.369627169086,0.0,0.0,-0.371364647116
466,-0.271122961465,1.12170801753,-0.369946303886,0.0,0.0,-0.371648155886
467,-0.270687095441,1.11893454997,-0.369543192906,0.0,0.0,-0.3715751309
468,-0.272159412316,1.11616108241,-0.369806638904,0.0,0.0,-0.371467127559
469,-0.272013616738,1.11338761485,-0.369598565293,0.0,0.0,-0.371464059282
470,-0.27132818261,0.919244885781,-0.370010346007,0.0,0.0,-0.371559789516
471,-0.271803351541,0.916471418223,-0.370630390179,0.0,0.0,-0.372172831207
472,-0.270304475753,0.913697950665,-0.369687287678,0.0,0.0,-0.37202616758
473,-0.269865471922,0.910924483106,-0.368955612773,0.0,0.0,-0.371121639599
474,-0.269413970409,0.908151015548,-0.368192739483,0.0,0.0,-0.370242885143
475,-0.270842197348,0.90537754799,-0.368077944614,0.0,0.0,-0.369723119065
476,-0.271044162885,0.902604080432,-0.36767173278,0.0,0.0,-0.369419359669
477,-0.272182554982,0.899830612874,-0.366846526002,0.0,0.0,-0.368767044036
478,-0.272978787966,0.897057145316,-0.367869364741,0.0,0.0,-0.368911866698
479,-0.272255495608,0.894283677757,-0.367755392547,0.0,0.0,-0.369437155674
480,-0.269678713504,0.891510210199,-0.367613702518,0.0,0.0,-0.369339584474
481,-0.267708395601,0.888736742641,-0.368640464786,0.0,0.0,-0.369726800997
482,-0.270423573199,0.885963275083,-0.369288479924,0.0,0.0,-0.370673057541
483,-0.269970775868,0.883189807525,-0.369996866785,0.0,0.0,-0.371392261607
484,-0.271360513802,0.880416339967,-0.369891121346,0.0,0.0,-0.371695407348
485,-0.273370568337,0.877642872408,-0.369760695643,0.0,0.0,-0.371550584686
486,-0.273184630247,0.87486940485,-0.368342466418,0.0,0.0,-0.370673057541
487,-0.271970790491,0.872095937292,-0.37011318044,0.0,0.0,-0.370828312344
488,-0.272940736969,0.869322469734,-0.370179247609,0.0,0.0,-0.371989961914
489,-0.270870202008,0.866549002176,-0.369602552105,0.0,0.0,-0.371490446462
490,-0.269734487221,0.863775534618,-0.370083437558,0.0,0.0,-0.371577585522
491,-0.267435235044,0.861002067059,-0.37109615106,0.0,0.0,-0.372368587263
492,-0.270390674417,0.858228599501,-0.371618107003,0.0,0.0,-0.373259614825
493,-0.271859275186,0.855455131943,-0.371480150655,0.0,0.0,-0.373503235998
494,-0.270763677208,0.852681664385,-0.371466355021,0.0,0.0,-0.373352890438
495,-0.270995435848,0.849908196827,-0.371350041366,0.0,0.0,-0.373335094433
496,-0.268838434491,0.847134729269,-0.37035346496,0.0,0.0,-0.372710393291
497,-0.271191671942,0.844361261711,-0.369810815564,0.0,0.0,-0.371886254161
498,-0.271048864241,0.841587794152,-0.369699691093,0.0,0.0,-0.371513765365
499,-0.271802216361,0.838814326594,-0.369627295652,0.0,0.0,-0.371389806986
500,-0.26770840631,0.836040859036,-0.368185272121,0.0,0.0,-0.37058223655
501,-0.265924654058,0.639124662407,-0.368026116059,0.0,0.0,-0.369544545359
502,-0.267624274529,0.636351194849,-0.367688249572,0.0,0.0,-0.369540249772
503,-0.265927470587,0.63357772729,-0.369583250873,0.0,0.0,-0.37028031812
504,-0.267455775364,0.630804259732,-0.37016931222,0.0,0.0,-0.371603972701
505,-0.264273514311,0.628030792174,-0.370364792568,0.0,0.0,-0.371688657139
506,-0.26898887788,0.625257324616,-0.371522676649,0.0,0.0,-0.372769917859
507,-0.27169811185,0.622483857058,-0.371796121318,0.0,0.0,-0.373581783882
508,-0.270697344182,0.6197103895,-0.372663031414,0.0,0.0,-0.374210166957
509,-0.272424969314,0.616936921941,-0.37269587515,0.0,0.0,-0.374636657422
510,-0.272180648737,0.614163454383,-0.372749602186,0.0,0.0,-0.374769206977
511,-0.272559787922,0.611389986825,-0.372625441473,0.0,0.0,-0.374736069589
512,-0.270884134728,0.608616519267,-0.37264670447,0.0,0.0,-0.374504721523
513,-0.271632464215,0.605843051709,-0.372282892065,0.0,0.0,-0.374510244421
514,-0.272259051075,0.603069584151,-0.371444712328,0.0,0.0,-0.373733970408
515,-0.260803870831,0.600296116592,-0.369435928681,0.0,0.0,-0.372308449039
516,-0.256921985908,0.597522649034,-0.374688331852,0.0,0.0,-0.373704514952
517,-0.272899142285,0.594749181476,-0.374870206414,0.0,0.0,-0.376906568548
518,-0.273125769057,0.591975713918,-0.374844830039,0.0,0.0,-0.377036049826
519,-0.273292843894,0.58920224636,-0.374968168077,0.0,0.0,-0.377079619356
520,-0.273450299692,0.586428778802,-0.374917541894,0.0,0.0,-0.377123802541
521,-0.273690047423,0.583655311244,-0.374905581459,0.0,0.0,-0.377083914943
522,-0.273112577417,0.580881843685,-0.374839767421,0.0,0.0,-0.37705261852
523,-0.27309102079,0.578108376127,-0.374860460873,0.0,0.0,-0.376995548573
524,-0.273287144437,0.575334908569,-0.374809518277,0.0,0.0,-0.376999844161
525,-0.273193683838,0.572561441011,-0.374768257938,0.0,0.0,-0.376950751733
526,-0.273181973285,0.569787973453,-0.374735793898,0.0,0.0,-0.376929273796
527,-0.273164931673,0.567014505895,-0.37469871022,0.0,0.0,-0.376874044815
528,-0.273274224811,0.564241038336,-0.374693584319,0.0,0.0,-0.376858089776
529,-0.273397040505,0.561467570778,-0.374665423505,0.0,0.0,-0.376832316251
530,-0.273315237983,0.55869410322,-0.374496648468,0.0,0.0,-0.376762359542
531,-0.272770117375,0.364551374149,-0.374443870673,0.0,0.0,-0.376761745886
532,-0.27302820682,0.361777906591,-0.374254971728,0.0,0.0,-0.376594217977
533,-0.272385955556,0.359004439033,-0.374612962123,0.0,0.0,-0.37666233372
534,-0.273387967637,0.356230971474,-0.37458461146,0.0,0.0,-0.376832316251
535,-0.273772264392,0.353457503916,-0.37448601697,0.0,0.0,-0.376762973197
536,-0.273402303025,0.350684036358,-0.374338947909,0.0,0.0,-0.376626128055
537,-0.273254939613,0.3479105688,-0.374416342686,0.0,0.0,-0.376618764191
538,-0.27282407052,0.345137101242,-0.374491902263,0.0,0.0,-0.376696084764
539,-0.272973361595,0.342363633684,-0.374522404538,0.0,0.0,-0.376745177192
540,-0.27328695167,0.339590166125,-0.374401154831,0.0,0.0,-0.376760518576
541,-0.273580901002,0.336816698567,-0.374264843834,0.0,0.0,-0.376584399491
542,-0.273594091572,0.334043231009,-0.374242758162,0.0,0.0,-0.37647639615
543,-0.272569479784,0.331269763451,-0.374255920969,0.0,0.0,-0.37644080414
544,-0.272865290381,0.328496295893,-0.374303383016,0.0,0.0,-0.376527943199
545,-0.272573292273,0.325722828335,-0.374202763478,0.0,0.0,-0.376453690903
546,-0.272683565306,0.322949360777,-0.374425771812,0.0,0.0,-0.376519352025
547,-0.273499098481,0.320175893218,-0.374543414404,0.0,0.0,-0.37672431291
548,-0.273487627815,0.31740242566,-0.374319899808,0.0,0.0,-0.376676447793
549,-0.273376731504,0.314628958102,-0.374258895258,0.0,0.0,-0.37650155602
550,-0.273329350618,0.311855490544,-0.374103662725,0.0,0.0,-0.376397848266
551,-0.27358544279,0.309082022986,-0.374086513106,0.0,0.0,-0.376297822445
552,-0.273094855768,0.306308555428,-0.374197637577,0.0,0.0,-0.376354892392
553,-0.272838378064,0.303535087869,-0.37446747513,0.0,0.0,-0.37653714803
554,-0.273248190651,0.300761620311,-0.37416662904,0.0,0.0,-0.376528556855
555,-0.272626549318,0.297988152753,-0.373770162746,0.0,0.0,-0.37614809054
556,-0.27170402335,0.295214685195,-0.373518740467,0.0,0.0,-0.375794625061
557,-0.27327522077,0.292441217637,-0.37492950233,0.0,0.0,-0.37644080414
558,-0.272942621795,0.289667750079,-0.375326221754,0.0,0.0,-0.377425720971
559,-0.272340012921,0.28689428252,-0.375233132861,0.0,0.0,-0.377585885016
560,-0.2723581865,0.284120814962,-0.374730604715,0.0,0.0,-0.377245306299
561,-0.27299510135,0.281347347404,-0.374660930431,0.0,0.0,-0.376954433665
562,-0.27332789202,0.087204618333,-0.374264717269,0.0,0.0,-0.376687493589
563,-0.273548695108,0.0844311507748,-0.374278702752,0.0,0.0,-0.376457372835
564,-0.273187106223,0.0816576832166,-0.374589484231,0.0,0.0,-0.376664788342
565,-0.272667726341,0.0788842156585,-0.374592142105,0.0,0.0,-0.376840293771
566,-0.272554808126,0.0761107481003,-0.374539111179,0.0,0.0,-0.376811451969
567,-0.272364462114,0.0733372805422,-0.373976148027,0.0,0.0,-0.376473941529
568,-0.273077909469,0.070563812984,-0.373871161981,0.0,0.0,-0.376115566807
569,-0.273683993491,0.0677903454258,-0.373792438267,0.0,0.0,-0.376045610097
570,-0.27364021198,0.0650168778677,-0.373848696612,0.0,0.0,-0.37601492733
571,-0.273186543988,0.0622434103095,-0.373593350803,0.0,0.0,-0.375879309499
572,-0.273153344277,0.0594699427514,-0.37369764074,0.0,0.0,-0.375696440205
573,-0.273175915069,0.0566964751932,-0.373666252507,0.0,0.0,-0.37578419292
574,-0.273432159312,0.053923007635,-0.373499755648,0.0,0.0,-0.375682939788
575,-0.273547872638,0.0511495400769,-0.373365912678,0.0,0.0,-0.375514184568
576,-0.273455267708,0.0483760725187,-0.37329313754,0.0,0.0,-0.375406794882
577,-0.273315363281,0.0456026049606,-0.373582529457,0.0,0.0,-0.375523389398
578,-0.273215485706,0.0428291374024,-0.373702450227,0.0,0.0,-0.375741850701
579,-0.273290742741,0.0400556698443,-0.373694413321,0.0,0.0,-0.375787874852
580,-0.273012997559,0.0372822022861,-0.373826041396,0.0,0.0,-0.375816716653
581,-0.272974751654,0.0345087347279,-0.373413438007,0.0,0.0,-0.375645506812
582,-0.273248191722,0.0317352671698,-0.373106580057,0.0,0.0,-0.375278540915
583,-0.273410522366,0.0289617996116,-0.373105630816,0.0,0.0,-0.375144764049
584,-0.273403668453,0.0261883320535,-0.373004062037,0.0,0.0,-0.375086466791
585,-0.27337515082,0.0234148644953,-0.373246877866,0.0,0.0,-0.375169923918
586,-0.27317636914,0.0206413969371,-0.373067471331,0.0,0.0,-0.375244176215
587,-0.273379307076,0.017867929379,-0.373006403498,0.0,0.0,-0.375025714912
588,-0.273380731405,0.0150944618208,-0.372307002784,0.0,0.0,-0.374648930529
589,-0.27308397304,0.0123209942627,-0.373219349879,0.0,0.0,-0.373885543279
590,-0.273447721978,0.0095475267045,-0.373010327027,0.0,0.0,-0.375148445981
591,-0.273482571983,0.00677405914634,-0.372844462996,0.0,0.0,-0.37493366661
592,-0.27295806666,0.00400059158818,-0.373152776449,0.0,0.0,-0.374982145382
593,-0.272901262715,-0.192915605041,-0.372868194019,0.0,0.0,-0.374906665775
594,-0.271811726166,-0.195689072599,-0.37287471214,0.0,0.0,-0.374828731546
595,-0.270649602395,-0.198462540157,-0.373697261043,0.0,0.0,-0.375284063813
596,-0.272805329352,-0.201236007716,-0.373709221479,0.0,0.0,-0.375789102163
597,-0.272698022778,-0.204009475274,-0.373788894434,0.0,0.0,-0.375759646706
598,-0.272763616867,-0.206782942832,-0.37375029197,0.0,0.0,-0.37568662172
599,-0.271443039197,-0.20955641039,-0.373853759231,0.0,0.0,-0.375709326968
600,-0.270586931929,-0.212329877948,-0.373544306689,0.0,0.0,-0.375667598404
601,-0.268611612811,-0.215103345506,-0.374301231403,0.0,0.0,-0.375816716653
602,-0.270532957365,-0.217876813065,-0.373298896268,0.0,0.0,-0.375899560125
603,-0.272190351308,-0.220650280623,-0.372881293544,0.0,0.0,-0.374948394338
604,-0.271437813089,-0.223423748181,-0.37339913611,0.0,0.0,-0.374963122067
605,-0.272746739106,-0.226197215739,-0.37315790235,0.0,0.0,-0.375213493448
606,-0.271726191474,-0.228970683297,-0.373186253012,0.0,0.0,-0.375060079611
607,-0.270731795804,-0.231744150855,-0.372828705597,0.0,0.0,-0.374860027968
608,-0.270520909471,-0.234517618414,-0.372378006005,0.0,0.0,-0.374301601603
609,-0.263415372287,-0.237291085972,-0.37516934387,0.0,0.0,-0.37535033859
610,-0.272375289154,-0.24006455353,-0.375114920724,0.0,0.0,-0.377198054838
611,-0.272808135173,-0.242838021088,-0.375305338454,0.0,0.0,-0.377226896639
612,-0.273595031843,-0.245611488646,-0.375369950119,0.0,0.0,-0.377385833373
613,-0.273457782237,-0.248384956204,-0.375264267963,0.0,0.0,-0.377355150606
614,-0.273464340575,-0.251158423763,-0.375299959422,0.0,0.0,-0.377321399562
615,-0.273213581604,-0.253931891321,-0.375274899461,0.0,0.0,-0.377326308805
616,-0.273183098826,-0.256705358879,-0.375309008852,0.0,0.0,-0.377328763426
617,-0.273283029947,-0.259478826437,-0.375242498704,0.0,0.0,-0.377309740111
618,-0.273439272388,-0.262252293995,-0.375277747184,0.0,0.0,-0.377273534445
619,-0.273361139923,-0.265025761553,-0.375167761802,0.0,0.0,-0.37722935126
620,-0.273553205839,-0.267799229111,-0.375305085323,0.0,0.0,-0.377255124785
621,-0.273367276317,-0.27057269667,-0.375210351078,0.0,0.0,-0.377290103139
622,-0.272931366385,-0.273346164228,-0.375449243378,0.0,0.0,-0.377372946611
623,-0.273114316597,-0.467488893299,-0.375349509798,0.0,0.0,-0.377442289665
624,-0.273512208731,-0.470262360857,-0.375529739008,0.0,0.0,-0.377485859195
625,-0.273133790277,-0.473035828415,-0.375491326392,0.0,0.0,-0.377572384599
626,-0.27306903258,-0.475809295973,-0.375503350111,0.0,0.0,-0.377530656035
627,-0.272872155003,-0.478582763532,-0.375518094986,0.0,0.0,-0.377561338803
628,-0.273295187075,-0.48135623109,-0.375324449838,0.0,0.0,-0.377488313816
629,-0.273468269795,-0.484129698648,-0.374873307267,0.0,0.0,-0.377112143089
630,-0.273516959349,-0.486903166206,-0.374985507545,0.0,0.0,-0.376929273796
631,-0.273478651331,-0.489676633764,-0.374932729749,0.0,0.0,-0.376959956563
632,-0.273728896258,-0.492450101322,-0.374813188675,0.0,0.0,-0.376858703431
633,-0.27378873306,-0.495223568881,-0.374591003016,0.0,0.0,-0.376664788342
634,-0.273433690733,-0.497997036439,-0.374728199971,0.0,0.0,-0.376634105574
635,-0.273168538545,-0.500770503997,-0.374735161071,0.0,0.0,-0.376713267114
636,-0.273271078437,-0.503543971555,-0.374740666669,0.0,0.0,-0.376694243798
637,-0.273679378879,-0.506317439113,-0.37474047682,0.0,0.0,-0.3766887209
638,-0.273604815803,-0.509090906671,-0.37465510842,0.0,0.0,-0.376661720065
639,-0.273695844334,-0.51186437423,-0.37463030159,0.0,0.0,-0.376635332885
640,-0.273728522506,-0.514637841788,-0.374544996472,0.0,0.0,-0.376562307899
641,-0.273510066883,-0.517411309346,-0.374421848283,0.0,0.0,-0.376416257926
642,-0.273633436245,-0.520184776904,-0.374373690127,0.0,0.0,-0.376339551008
643,-0.273511552255,-0.522958244462,-0.374188461581,0.0,0.0,-0.376199637589
644,-0.273589101066,-0.52573171202,-0.37390963788,0.0,0.0,-0.375944356965
645,-0.273645952132,-0.528505179578,-0.373901347842,0.0,0.0,-0.375788488507
646,-0.273604502023,-0.531278647137,-0.373708398804,0.0,0.0,-0.375668825715
647,-0.273645600869,-0.534052114695,-0.373916978676,0.0,0.0,-0.375676803234
648,-0.273293484306,-0.536825582253,-0.374352996675,0.0,0.0,-0.376039473544
649,-0.273476768647,-0.539599049811,-0.374076577717,0.0,0.0,-0.376136431089
650,-0.273418544656,-0.542372517369,-0.373558924999,0.0,0.0,-0.375693985584
651,-0.273669602415,-0.545145984927,-0.373208528532,0.0,0.0,-0.375203061307
652,-0.273394695181,-0.547919452486,-0.373043930156,0.0,0.0,-0.374913415984
653,-0.273763192596,-0.550692920044,-0.372998113461,0.0,0.0,-0.374796207812
654,-0.273587143417,-0.747609116673,-0.373109491062,0.0,0.0,-0.374813390162
655,-0.273445642244,-0.750382584231,-0.373270039344,0.0,0.0,-0.375000555043
656,-0.273215801629,-0.753156051789,-0.37319966895,0.0,0.0,-0.375050874781
657,-0.273168457155,-0.755929519348,-0.372375601262,0.0,0.0,-0.37453417698
658,-0.273074432179,-0.758702986906,-0.371966921402,0.0,0.0,-0.37384442837
659,-0.273373926754,-0.761476454464,-0.372030710392,0.0,0.0,-0.373652354247
660,-0.273516300731,-0.764249922022,-0.371823206326,0.0,0.0,-0.3735952843
661,-0.273651905398,-0.76702338958,-0.371959770454,0.0,0.0,-0.373529623178
662,-0.272998616122,-0.769796857138,-0.371613993626,0.0,0.0,-0.373430211012
663,-0.272938745051,-0.772570324697,-0.371998815897,0.0,0.0,-0.37339216438
664,-0.272628423435,-0.775343792255,-0.372323962555,0.0,0.0,-0.373919907978
665,-0.273565581436,-0.778117259813,-0.372612341948,0.0,0.0,-0.37416230184
666,-0.272880261897,-0.780890727371,-0.373679921576,0.0,0.0,-0.374810935541
667,-0.273963402888,-0.783664194929,-0.373689097571,0.0,0.0,-0.3754835018
668,-0.273946584029,-0.786437662487,-0.374034494703,0.0,0.0,-0.3757130089
669,-0.27385493222,-0.789211130045,-0.37429072647,0.0,0.0,-0.375889741639
670,-0.273815818867,-0.791984597604,-0.375613082362,0.0,0.0,-0.376747631813
671,-0.272539461787,-0.794758065162,-0.375203959523,0.0,0.0,-0.377289489484
672,-0.2728594003,-0.79753153272,-0.374846665239,0.0,0.0,-0.376835384528
673,-0.272017814759,-0.800305000278,-0.375089164654,0.0,0.0,-0.376804088105
674,-0.273192581857,-0.803078467836,-0.37432319051,0.0,0.0,-0.3764935785
675,-0.272916127138,-0.805851935394,-0.373483681835,0.0,0.0,-0.375583527622
676,-0.273101688263,-0.808625402953,-0.37304589192,0.0,0.0,-0.374877823973
677,-0.27246919847,-0.811398870511,-0.372102409723,0.0,0.0,-0.374086822232
678,-0.273168768793,-0.814172338069,-0.371755240676,0.0,0.0,-0.373374982031
679,-0.273525121931,-0.816945805627,-0.37170942398,0.0,0.0,-0.373128292581
680,-0.273700408612,-0.819719273185,-0.371677529485,0.0,0.0,-0.37309024595
681,-0.273754219325,-0.822492740743,-0.371674808328,0.0,0.0,-0.373065086081
682,-0.273603982625,-0.825266208302,-0.371862378335,0.0,0.0,-0.373186589839
683,-0.27313612382,-0.82803967586,-0.371920471879,0.0,0.0,-0.373281092763
684,-0.272912368195,-1.02218240493,-0.372048492839,0.0,0.0,-0.373459666468
685,-0.27272557765,-1.02495587249,-0.371535016781,0.0,0.0,-0.373193953703
686,-0.272825955346,-1.02772934005,-0.371523689173,0.0,0.0,-0.372998197648
687,-0.27175749458,-1.03050280761,-0.370538440375,0.0,0.0,-0.372417066035
688,-0.273574186309,-1.03327627516,-0.370458957268,0.0,0.0,-0.371748795363
689,-0.273690443665,-1.03604974272,-0.370179374174,0.0,0.0,-0.371546902754
690,-0.273214945961,-1.03882321028,-0.370082804731,0.0,0.0,-0.371311872757
691,-0.272988418785,-1.04159667784,-0.369862833967,0.0,0.0,-0.37115845892
692,-0.272926675739,-1.0443701454,-0.370355047028,0.0,0.0,-0.371316168344
693,-0.273375003033,-1.04714361295,-0.370532555081,0.0,0.0,-0.371625450639
694,-0.273936627649,-1.04991708051,-0.370688230593,0.0,0.0,-0.371880731263
695,-0.273897860204,-1.05269054807,-0.370561158874,0.0,0.0,-0.371923073481
696,-0.273846428014,-1.05546401563,-0.370324038491,0.0,0.0,-0.371738363222
697,-0.273776493471,-1.05823748319,-0.369974274851,0.0,0.0,-0.371383670432
698,-0.273833078947,-1.06101095075,-0.37019551127,0.0,0.0,-0.371223506387
699,-0.273787487575,-1.0637844183,-0.370370298166,0.0,0.0,-0.371364647116
700,-0.273717315287,-1.06655788586,-0.369739116233,0.0,0.0,-0.371124707876
701,-0.273115265436,-1.06933135342,-0.369424474507,0.0,0.0,-0.370505529632
702,-0.273100146132,-1.07210482098,-0.369263673095,0.0,0.0,-0.370252703629
703,-0.272376220858,-1.07487828854,-0.369041424153,0.0,0.0,-0.369952012509
704,-0.270990049101,-1.07765175609,-0.370374158412,0.0,0.0,-0.370575486341
705,-0.272577758025,-1.08042522365,-0.370659057255,0.0,0.0,-0.371555493929
706,-0.273597420003,-1.08319869121,-0.370874724793,0.0,0.0,-0.371831638835
707,-0.273319572012,-1.08597215877,-0.370962877634,0.0,0.0,-0.372021258337
708,-0.273393374732,-1.08874562633,-0.371126716618,0.0,0.0,-0.372125579746
709,-0.273412096624,-1.09151909388,-0.371079381137,0.0,0.0,-0.372208423217
710,-0.272791910676,-1.09429256144,-0.370518506315,0.0,0.0,-0.371860480636
711,-0.273413813315,-1.097066029,-0.370692280687,0.0,0.0,-0.371621155051
712,-0.273288230354,-1.09983949656,-0.370710063134,0.0,0.0,-0.371613177532
713,-0.273583646851,-1.10261296412,-0.370759233814,0.0,0.0,-0.371814456485
714,-0.273230901656,-1.10538643168,-0.370936931715,0.0,0.0,-0.371935960244
715,-0.273283973431,-1.30507609586,-0.370996227632,0.0,0.0,-0.37211576126
716,-0.273410642309,-1.30784956342,-0.37081966882,0.0,0.0,-0.372037213376
717,-0.273574878126,-1.31062303098,-0.370633554315,0.0,0.0,-0.37180586531
718,-0.273400949377,-1.31339649854,-0.370715885145,0.0,0.0,-0.371762295781
719,-0.273138239966,-1.3161699661,-0.370633491033,0.0,0.0,-0.371746340742
720,-0.273515419361,-1.31894343365,-0.370832072234,0.0,0.0,-0.371811388208
721,-0.273157684731,-1.32171690121,-0.370651969589,0.0,0.0,-0.371827343247
722,-0.273371807396,-1.32449036877,-0.370553754795,0.0,0.0,-0.371679452309
723,-0.273515984809,-1.32726383633,-0.370238986504,0.0,0.0,-0.371430921894
724,-0.273470210309,-1.33003730389,-0.370223545518,0.0,0.0,-0.371181777823
725,-0.273260848972,-1.33281077144,-0.37078233201,0.0,0.0,-0.371559789516
726,-0.27310742306,-1.335584239,-0.370477752238,0.0,0.0,-0.371758000193
727,-0.27235536997,-1.33835770656,-0.369786198583,0.0,0.0,-0.371140662915
728,-0.272938059659,-1.34113117412,-0.369408970239,0.0,0.0,-0.370522098326
729,-0.273235717601,-1.34390464168,-0.369490541676,0.0,0.0,-0.37036070697
730,-0.272796044442,-1.34667810924,-0.370202092674,0.0,0.0,-0.370780447227
731,-0.273289082809,-1.34945157679,-0.370853018817,0.0,0.0,-0.371568994347
732,-0.273147576281,-1.35222504435,-0.371153548494,0.0,0.0,-0.372158103479
733,-0.27341643922,-1.35499851191,-0.371077672503,0.0,0.0,-0.372263038543
734,-0.273306494961,-1.35777197947,-0.371142157603,0.0,0.0,-0.372199218387
735,-0.273093830894,-1.36054544703,-0.370771067684,0.0,0.0,-0.372121284158
736,-0.272899570655,-1.36331891458,-0.370050720387,0.0,0.0,-0.371319850276
737,-0.271387447538,-1.36609238214,-0.371020211786,0.0,0.0,-0.371334578004
738,-0.27203117989,-1.3688658497,-0.372416798318,0.0,0.0,-0.372861352506
739,-0.272751943796,-1.37163931726,-0.373077849698,0.0,0.0,-0.374031593251
740,-0.272764163038,-1.37441278482,-0.373256370275,0.0,0.0,-0.374497357659
741,-0.273161726398,-1.37718625238,-0.373494060203,0.0,0.0,-0.37472931938
742,-0.273154778244,-1.37995971993,-0.373978742619,0.0,0.0,-0.375141082117
743,-0.27313279646,-1.38273318749,-0.374294080455,0.0,0.0,-0.375627097151
744,-0.272974860888,-1.57687591656,-0.373795918817,0.0,0.0,-0.375522775742
745,-0.272701278387,-1.57964938412,-0.373380973967,0.0,0.0,-0.374882119561
746,-0.270921285077,-1.58242285168,-0.37465928508,0.0,0.0,-0.375603164593
747,-0.271661818239,-1.58519631924,-0.374060883601,0.0,0.0,-0.375950493519
748,-0.271296815249,-1.5879697868,-0.376419494169,0.0,0.0,-0.376832316251
749,-0.273053118651,-1.59074325435,-0.377000746029,0.0,0.0,-0.378510049968
750,-0.27358074786,-1.59351672191,-0.376954106658,0.0,0.0,-0.378831605369
751,-0.273656040235,-1.59629018947,-0.377161167745,0.0,0.0,-0.378794172393
752,-0.27368977755,-1.59906365703,-0.377184772203,0.0,0.0,-0.378896039181
753,-0.27364125506,-1.60183712459,-0.376750842535,0.0,0.0,-0.3787088743
754,-0.273652655045,-1.60461059214,-0.376631681157,0.0,0.0,-0.378378727724
755,-0.273248584751,-1.6073840597,-0.376841716533,0.0,0.0,-0.37847016237
756,-0.273779535965,-1.61015752726,-0.376715910469,0.0,0.0,-0.378489185686
757,-0.273471299438,-1.61293099482,-0.376844690821,0.0,0.0,-0.378435797671
758,-0.273515335829,-1.61570446238,-0.377183126852,0.0,0.0,-0.378808900121
759,-0.273696285555,-1.61847792994,-0.376948854192,0.0,0.0,-0.378804604534
760,-0.273549734975,-1.62125139749,-0.37629564987,0.0,0.0,-0.37829220232
761,-0.273112458544,-1.62402486505,-0.375729965561,0.0,0.0,-0.377593862536
762,-0.273489516925,-1.62679833261,-0.375642825244,0.0,0.0,-0.377245919955
763,-0.273689640472,-1.62957180017,-0.375523600584,0.0,0.0,-0.377075323768
764,-0.273790444396,-1.63234526773,-0.375373620518,0.0,0.0,-0.376938478626
765,-0.273813228302,-1.63511873528,-0.375332739875,0.0,0.0,-0.376847657635
766,-0.273689724004,-1.63789220284,-0.375428929622,0.0,0.0,-0.376854407844
767,-0.273712957698,-1.6406656704,-0.37520946512,0.0,0.0,-0.376807770037
768,-0.273565805259,-1.64343913796,-0.375298377354,0.0,0.0,-0.376689948211
769,-0.273683406624,-1.64621260552,-0.375201491496,0.0,0.0,-0.376721244634
770,-0.273613454947,-1.64898607307,-0.375392985032,0.0,0.0,-0.376769723406
771,-0.273689205677,-1.65175954063,-0.375255091967,0.0,0.0,-0.376773405338
772,-0.273709657111,-1.65453300819,-0.375154472429,0.0,0.0,-0.376680129725
773,-0.273723776171,-1.65730647575,-0.375387036456,0.0,0.0,-0.376745790847
774,-0.273795283901,-1.66007994331,-0.37521016123,0.0,0.0,-0.376783837479
775,-0.273621164528,1.47391066274,-0.374905201762,0.0,0.0,-0.376492351189
776,-0.273721842083,1.47113719518,-0.374731110977,0.0,0.0,-0.376221115526
777,-0.273687286581,1.46836372762,-0.374569550171,0.0,0.0,-0.376027814092
778,-0.273519182587,1.46559026006,-0.374555817819,0.0,0.0,-0.375873172945
779,-0.273523173921,1.4628167925,-0.374930704702,0.0,0.0,-0.376151772472
780,-0.273309680959,1.46004332495,-0.374252820116,0.0,0.0,-0.375957857383
781,-0.273148198487,1.45726985739,-0.37535628105,0.0,0.0,-0.376188591793
782,-0.273666345736,1.45449638983,-0.375246295668,0.0,0.0,-0.376765427818
783,-0.27363206332,1.45172292227,-0.374896025767,0.0,0.0,-0.376499715054
784,-0.273529207506,1.44894945471,-0.374719277106,0.0,0.0,-0.376198410279
785,-0.273473206754,1.44617598716,-0.374798190669,0.0,0.0,-0.376142567642
786,-0.273403287204,1.4434025196,-0.374675232327,0.0,0.0,-0.376108202943
787,-0.27353758106,1.44062905204,-0.374482916116,0.0,0.0,-0.375951107174
788,-0.273129637234,1.43785558448,-0.37383914092,0.0,0.0,-0.375462023863
789,-0.273425906187,1.43508211692,-0.373693780493,0.0,0.0,-0.374971099586
790,-0.272683576015,1.43230864936,-0.373832369668,0.0,0.0,-0.37510119452
791,-0.268765397482,1.42953518181,-0.371898133076,0.0,0.0,-0.374001524139
792,-0.271416362483,1.42676171425,-0.369407388171,0.0,0.0,-0.371377533879
793,-0.27252914879,1.42398824669,-0.369921180642,0.0,0.0,-0.370231225692
794,-0.272610603261,1.42121477913,-0.370087361087,0.0,0.0,-0.370780447227
795,-0.270310794204,1.41844131157,-0.370104700555,0.0,0.0,-0.371162754507
796,-0.270569925658,1.41566784402,-0.369932381685,0.0,0.0,-0.370331865169
797,-0.267915158877,1.41289437646,-0.373605880784,0.0,0.0,-0.372489477366
798,-0.271426289948,1.4101209089,-0.37622654513,0.0,0.0,-0.376354892392
799,-0.273093717376,1.40734744134,-0.376754639499,0.0,0.0,-0.37816026642
800,-0.272949004502,1.40457397378,-0.376776598605,0.0,0.0,-0.378505140725
801,-0.273255030642,1.40180050623,-0.377935305361,0.0,0.0,-0.379151319805
802,-0.273026001788,1.39902703867,-0.37898250795,0.0,0.0,-0.380425881959
803,-0.273873100444,1.39625357111,-0.379166534124,0.0,0.0,-0.381114403257
804,-0.273670375622,1.39348010355,-0.379346826617,0.0,0.0,-0.381372752158
805,-0.273687512546,1.39070663599,-0.379111541433,0.0,0.0,-0.381335932837
806,-0.27373003465,1.19379043936,-0.378906315545,0.0,0.0,-0.381058560621
807,-0.273810217935,1.1910169718,-0.379023008896,0.0,0.0,-0.381016218402
808,-0.273812726039,1.18824350425,-0.37905996601,0.0,0.0,-0.381064697174
809,-0.273808110357,1.18547003669,-0.379057055004,0.0,0.0,-0.381010081848
810,-0.273593143804,1.18269656913,-0.378970547515,0.0,0.0,-0.380896555609
811,-0.273810716986,1.17992310157,-0.379128121508,0.0,0.0,-0.380992899499
812,-0.273810091566,1.17714963401,-0.379030729389,0.0,0.0,-0.381050583101
813,-0.273685317152,1.17437616646,-0.379071863163,0.0,0.0,-0.380973262528
814,-0.27383513405,1.1716026989,-0.379114199308,0.0,0.0,-0.381045060203
815,-0.273826489553,1.16882923134,-0.379159952721,0.0,0.0,-0.381090470699
816,-0.273687119517,1.16605576378,-0.379169951392,0.0,0.0,-0.381152449889
817,-0.27383603791,1.16328229622,-0.379092746463,0.0,0.0,-0.381093538975
818,-0.27375777265,1.16050882867,-0.379110212496,0.0,0.0,-0.381037696339
819,-0.273761106436,1.15773536111,-0.379144385169,0.0,0.0,-0.381059174276
820,-0.273645399535,1.15496189355,-0.379294744932,0.0,0.0,-0.381207065214
821,-0.273728752755,1.15218842599,-0.378949537649,0.0,0.0,-0.381084947801
822,-0.273867475952,1.14941495843,-0.37862413786,0.0,0.0,-0.380682389893
823,-0.273668838847,1.14664149087,-0.378512064148,0.0,0.0,-0.380449814517
824,-0.273482525933,1.14386802332,-0.379078634415,0.0,0.0,-0.380661525612
825,-0.273544248632,1.14109455576,-0.378780572764,0.0,0.0,-0.380887350779
826,-0.273578031997,1.1383210882,-0.378364235694,0.0,0.0,-0.380455951071
827,-0.273695077553,1.13554762064,-0.378272792152,0.0,0.0,-0.380097576348
828,-0.273687022063,1.13277415308,-0.378201219386,0.0,0.0,-0.380065052615
829,-0.27362888696,1.13000068553,-0.378448148592,0.0,0.0,-0.380130100082
830,-0.273179774678,1.12722721797,-0.378585978374,0.0,0.0,-0.380397653813
831,-0.272757298416,1.12445375041,-0.377633003768,0.0,0.0,-0.37985211421
832,-0.272571675178,1.12168028285,-0.376694331058,0.0,0.0,-0.378579393022
833,-0.272918558135,1.11890681529,-0.37720185854,0.0,0.0,-0.378474457958
834,-0.273408458695,1.11613334773,-0.37775621524,0.0,0.0,-0.37914395594
835,-0.273497205087,1.11335988018,-0.378198814642,0.0,0.0,-0.379732451417
836,-0.273680111391,0.919217151105,-0.377872908591,0.0,0.0,-0.379806090059
837,-0.272954174922,0.916443683547,-0.378303420992,0.0,0.0,-0.379848432278
838,-0.273432791157,0.913670215989,-0.378229253635,0.0,0.0,-0.380040506401
839,-0.273646851708,0.910896748431,-0.378275576592,0.0,0.0,-0.380060757028
840,-0.273639105716,0.908123280873,-0.378222165969,0.0,0.0,-0.380039279091
841,-0.273564773959,0.905349813314,-0.378460298876,0.0,0.0,-0.380163851126
842,-0.273714604779,0.902576345756,-0.378247795474,0.0,0.0,-0.38013562298
843,-0.273818701794,0.899802878198,-0.37821824244,0.0,0.0,-0.380046029299
844,-0.273704844379,0.89702941064,-0.378113572807,0.0,0.0,-0.379928821128
845,-0.273695256397,0.894255943082,-0.378175210185,0.0,0.0,-0.379947844444
846,-0.273761297061,0.891482475524,-0.378085854972,0.0,0.0,-0.379947230789
847,-0.2735712659,0.888709007966,-0.377449104159,0.0,0.0,-0.379496807765
848,-0.273700767371,0.885935540407,-0.377588705858,0.0,0.0,-0.379173411397
849,-0.273762542545,0.883162072849,-0.377121173061,0.0,0.0,-0.37900956542
850,-0.273599076722,0.880388605291,-0.376698254588,0.0,0.0,-0.378481208167
851,-0.273655173858,0.877615137733,-0.376714328401,0.0,0.0,-0.378235132373
852,-0.27354986884,0.874841670175,-0.376648514363,0.0,0.0,-0.378189721877
853,-0.2736596621,0.872068202617,-0.376743058759,0.0,0.0,-0.378216722712
854,-0.273641186521,0.869294735058,-0.376988405897,0.0,0.0,-0.378441320569
855,-0.273889997481,0.8665212675,-0.377376392305,0.0,0.0,-0.378681259809
856,-0.273877972077,0.863747799942,-0.377671985929,0.0,0.0,-0.378967223201
857,-0.273847415405,0.860974332384,-0.377784186206,0.0,0.0,-0.379156229047
858,-0.273110364888,0.858200864826,-0.377684136213,0.0,0.0,-0.379278346461
859,-0.273309573867,0.855427397268,-0.376977521268,0.0,0.0,-0.378722988373
860,-0.273622529956,0.852653929709,-0.377075356366,0.0,0.0,-0.378296497907
861,-0.273648152881,0.849880462151,-0.377731408411,0.0,0.0,-0.378813809364
862,-0.27335417035,0.847106994593,-0.377261154456,0.0,0.0,-0.378920585394
863,-0.273641076216,0.844333527035,-0.376690470812,0.0,0.0,-0.378299566184
864,-0.273598289593,0.841560059477,-0.375991070098,0.0,0.0,-0.377510405409
865,-0.27339266471,0.838786591919,-0.376833236647,0.0,0.0,-0.37761043123
866,-0.273424926292,0.83601312436,-0.376684079256,0.0,0.0,-0.378034467074
867,-0.27325122672,0.639096927731,-0.376552008202,0.0,0.0,-0.37792953201
868,-0.27298863404,0.636323460173,-0.375094796816,0.0,0.0,-0.376926205519
869,-0.273376457347,0.633549992615,-0.374593977304,0.0,0.0,-0.375728963939
870,-0.273733838572,0.630776525057,-0.374664664112,0.0,0.0,-0.375521548432
871,-0.27355164122,0.628003057499,-0.374354325612,0.0,0.0,-0.375352793211
872,-0.273590002784,0.62522958994,-0.374240416701,0.0,0.0,-0.375098739898
873,-0.273593393329,0.622456122382,-0.37432040607,0.0,0.0,-0.375114694937
874,-0.272966244234,0.619682654824,-0.373292821126,0.0,0.0,-0.374504107868
875,-0.273752012151,0.616909187266,-0.37313309552,0.0,0.0,-0.373811904637
876,-0.273759346908,0.614135719708,-0.372335606577,0.0,0.0,-0.37323138668
877,-0.273545467343,0.61136225215,-0.372645818512,0.0,0.0,-0.372909217623
878,-0.27354947367,0.608588784591,-0.372554058556,0.0,0.0,-0.373146088586
879,-0.273485353172,0.605815317033,-0.372850221724,0.0,0.0,-0.373190885427
880,-0.273439380552,0.603041849475,-0.372758841465,0.0,0.0,-0.37333018519
881,-0.273683126042,0.600268381917,-0.372154554692,0.0,0.0,-0.372897558171
882,-0.273297589157,0.597494914359,-0.372817947533,0.0,0.0,-0.372867489059
883,-0.273727742873,0.594721446801,-0.370480916375,0.0,0.0,-0.371864776224
884,-0.273954735901,0.591947979242,-0.371176393559,0.0,0.0,-0.370987862734
885,-0.273995490981,0.589174511684,-0.370662031543,0.0,0.0,-0.371099548007
886,-0.273938756646,0.586401044126,-0.372279158384,0.0,0.0,-0.371745727086
887,-0.273770539134,0.583627576568,-0.372228658766,0.0,0.0,-0.372637368304
888,-0.273749885296,0.58085410901,-0.37193160964,0.0,0.0,-0.372469840395
889,-0.273814662269,0.578080641452,-0.371752392953,0.0,0.0,-0.372129875333
890,-0.273771366958,0.575307173893,-0.371808588016,0.0,0.0,-0.372071578075
891,-0.27371787431,0.572533706335,-0.371866048733,0.0,0.0,-0.372178354105
892,-0.27310446731,0.569760238777,-0.372912555212,0.0,0.0,-0.372787713864
893,-0.273516349994,0.566986771219,-0.372753778846,0.0,0.0,-0.373389096104
894,-0.273677174918,0.564213303661,-0.372214040456,0.0,0.0,-0.372929468249
895,-0.27359479731,0.561439836103,-0.371950278044,0.0,0.0,-0.372441612249
896,-0.273591662716,0.558666368545,-0.37181959921,0.0,0.0,-0.372251379092
897,-0.273341421001,0.364523639473,-0.371456736046,0.0,0.0,-0.371909573064
898,-0.273584266916,0.361750171915,-0.372094056403,0.0,0.0,-0.372100419876
899,-0.273631028808,0.358976704357,-0.372759221161,0.0,0.0,-0.372906763001
900,-0.273578375764,0.356203236799,-0.37249571188,0.0,0.0,-0.373108041955
901,-0.273805302394,0.353429769241,-0.372662525152,0.0,0.0,-0.373011698066
902,-0.273812036364,0.350656301683,-0.373363761065,0.0,0.0,-0.373592216023
903,-0.273386673961,0.347882834124,-0.372817124857,0.0,0.0,-0.373687946257
904,-0.2734367932,0.345109366566,-0.372778142697,0.0,0.0,-0.373090859605
905,-0.273853314054,0.342335899008,-0.372436415964,0.0,0.0,-0.372753349165
906,-0.273826918993,0.33956243145,-0.372120571866,0.0,0.0,-0.372348336636
907,-0.273737583593,0.336788963892,-0.372134747198,0.0,0.0,-0.372156876168
908,-0.273791377171,0.334015496334,-0.372358831339,0.0,0.0,-0.372334222563
909,-0.273513700528,0.331242028775,-0.372832882257,0.0,0.0,-0.372620185955
910,-0.273709650685,0.328468561217,-0.371267837102,0.0,0.0,-0.372017576405
911,-0.273661070365,0.325695093659,-0.37124113179,0.0,0.0,-0.371095252419
912,-0.273699021765,0.322921626101,-0.371028311975,0.0,0.0,-0.370959634588
913,-0.273833443061,0.320148158543,-0.371208920882,0.0,0.0,-0.370912383126
914,-0.273568894874,0.317374690985,-0.371576023989,0.0,0.0,-0.371305736203
915,-0.273804743372,0.314601223426,-0.371336625428,0.0,0.0,-0.371350533043
916,-0.273714219246,0.311827755868,-0.370680446817,0.0,0.0,-0.370798243232
917,-0.273719576008,0.30905428831,-0.37035903384,0.0,0.0,-0.37020115658
918,-0.273515552155,0.306280820752,-0.37023563252,0.0,0.0,-0.369885737732
919,-0.273452371929,0.303507353194,-0.37089807612,0.0,0.0,-0.370269885979
920,-0.27329566792,0.300733885636,-0.371544572473,0.0,0.0,-0.370929565476
921,-0.273632636264,0.297960418078,-0.371835103479,0.0,0.0,-0.371664724581
