,Volume,Date,Market Cap,Negative,Positive,Avg
0,1.26520625468,-0.60198034949,2.89359903177,0.0,0.0,2.79905805462
1,1.39773535148,-0.604277500379,2.68820244616,0.0,0.0,2.76524067126
2,1.59634932942,-0.606574651267,2.85263153259,0.0,0.0,2.70806640796
3,1.95885250594,-0.608871802156,2.94348765766,0.0,0.0,2.86954122134
4,1.60383818706,-0.603886984728,2.69002151332,0.0,0.0,2.76083056231
5,2.59394356715,-0.603886984728,2.44198015947,0.0,0.0,2.56379985937
6,2.74746923209,-0.603886984728,2.57790782612,0.0,0.0,2.51228310779
7,4.88884968202,-0.603886984728,2.25082820668,0.0,0.0,2.26632867946
8,3.05237272166,-0.603886984728,2.75233570487,0.0,0.0,2.42587836732
9,2.01321001569,-0.603886984728,3.26345711481,0.0,0.0,2.95556290111
10,2.21442916875,-0.603886984728,3.08334110623,0.0,0.0,3.10232425521
11,5.04811653226,-0.603886984728,3.54229701779,0.0,0.0,3.12436497791
12,3.86263118472,-0.603886984728,3.87110657416,0.0,0.0,3.67148368407
13,2.63426253134,-0.629546160153,3.67984118288,0.0,0.0,3.72081993636
14,2.92034179315,-0.631843311042,4.12452005063,0.0,0.0,3.86451680495
15,2.59957041874,-0.611168953045,4.37011437427,0.0,0.0,4.21416281507
16,3.95299564467,-0.613466103933,3.83748016561,0.0,0.0,4.08893143609
17,2.01793036434,-0.615763254822,3.6158294654,0.0,0.0,3.69563615159
18,2.52003499394,-0.61806040571,3.60298660816,0.0,0.0,3.55648690092
19,2.87324447363,-0.620357556599,3.64354086715,0.0,0.0,3.62858088694
20,2.78655502561,-0.622654707487,3.34445624567,0.0,0.0,3.44771730948
21,2.47022633229,-0.624951858376,3.40934306004,0.0,0.0,3.30987439398
22,2.67717033726,-0.627249009265,3.60987394485,0.0,0.0,3.45158720464
23,2.32436102554,-0.629546160153,4.00374857607,0.0,0.0,3.75016827835
24,2.81199427484,-0.631843311042,3.56721297112,0.0,0.0,3.77935946724
25,2.90122356444,-0.611168953045,3.50291360605,0.0,0.0,3.53644988029
26,4.41522231151,-0.613466103933,3.45341391211,0.0,0.0,3.49317384454
27,6.54414855435,-0.615763254822,3.62891540512,0.0,0.0,3.32222073464
28,6.42979851656,-0.61806040571,4.53703100465,0.0,0.0,3.8798686987
29,3.47015624426,-0.620357556599,4.82123492751,0.0,0.0,4.68904020417
30,3.51958923803,-0.622654707487,4.946787024,0.0,0.0,4.79973492113
31,4.25878113711,-0.624951858376,4.44684740775,0.0,0.0,4.72039224823
32,3.83047074701,-0.627249009265,4.00524758464,0.0,0.0,4.20707128129
33,5.47491608412,-0.629546160153,4.4353415041,0.0,0.0,4.25408952531
34,7.09114549632,-0.631843311042,4.56081257311,0.0,0.0,4.55331885556
35,6.07072535117,-0.626858493614,3.95403821066,0.0,0.0,4.27051202458
36,6.46722647137,-0.626858493614,4.00123672386,0.0,0.0,3.95380923368
37,4.11432866828,-0.626858493614,3.54817151085,0.0,0.0,3.75991177074
38,3.37307059583,-0.626858493614,3.35960028364,0.0,0.0,3.46505326116
39,5.02350211904,-0.626858493614,3.28251883195,0.0,0.0,3.37963072759
40,4.87626480784,-0.626858493614,3.22683268911,0.0,0.0,3.30951097743
41,3.72500607139,-0.626858493614,2.92922276796,0.0,0.0,3.07165975598
42,4.28866306742,-0.626858493614,2.48325556312,0.0,0.0,2.73017588515
43,1.68545611862,-0.626858493614,2.4176273472,0.0,0.0,2.44431439072
44,1.65157250865,2.17341438259,2.24645677357,0.0,0.0,2.33281426412
45,2.16894068778,2.1711172317,2.40875888837,0.0,0.0,2.30405524626
46,1.72891109299,2.16882008081,2.35558054637,0.0,0.0,2.38614809846
47,1.51672407099,2.16652292992,2.44036771241,0.0,0.0,2.35671135785
48,1.280608638,2.16422577903,2.48967294036,0.0,0.0,2.45663126517
49,1.36319840605,2.16192862814,2.44363717165,0.0,0.0,2.47574501133
50,1.60052250963,2.15963147726,2.19072201424,0.0,0.0,2.33937540617
51,1.44436716949,2.15733432637,2.27969425016,0.0,0.0,2.14933801632
52,1.59119614603,2.15503717548,2.12091683119,0.0,0.0,2.23942603264
53,3.63072159872,2.15274002459,2.67280722297,0.0,0.0,2.2635981443
54,2.48032036505,2.1504428737,2.66271524903,0.0,0.0,2.70125971419
55,2.80770676092,2.14814572281,2.69047931864,0.0,0.0,2.63558936126
56,2.91110526317,2.14584857192,2.55846933115,0.0,0.0,2.67520176529
57,2.21912501733,2.14355142104,2.2759345746,0.0,0.0,2.40168661152
58,1.31928609687,2.14125427015,2.17578459637,0.0,0.0,2.24331557194
59,1.33423114537,2.13895711926,2.1359919958,0.0,0.0,2.17778272797
60,1.81853238385,2.13665996837,2.17515663332,0.0,0.0,2.09670154887
61,2.68654570102,2.13436281748,2.19103802145,0.0,0.0,2.21014644513
62,3.26063156424,2.13206566659,1.97318345918,0.0,0.0,2.09125030061
63,3.79578680111,2.1297685157,1.49434340145,0.0,0.0,1.73967916497
64,1.01225926706,2.12747136482,1.17440230392,0.0,0.0,1.3232627302
65,0.712329293631,2.12517421393,1.30048513048,0.0,0.0,1.23018880492
66,1.20206138307,-0.3584823553,1.23988467035,0.0,0.0,1.30329446404
67,1.47362843112,-0.360779506189,1.15238308338,0.0,0.0,1.19349355536
68,1.30473304963,-0.363076657078,1.11842446212,0.0,0.0,1.13175203001
69,1.19749620159,-0.365373807966,1.2592299837,0.0,0.0,1.18824857055
70,0.559236463429,-0.367670958855,1.2887928636,0.0,0.0,1.2773150917
71,0.386780403716,-0.369968109743,1.27189458046,0.0,0.0,1.27687309859
72,0.374536080643,-0.372265260632,1.26236574758,0.0,0.0,1.2767454117
73,0.336228572982,-0.37456241152,1.27422817219,0.0,0.0,1.27574356067
74,0.584683879353,-0.376859562409,1.189623318,0.0,0.0,1.22612246838
75,1.11973294921,1.94140214284,1.13480416932,0.0,0.0,1.15971546028
76,1.75093666447,1.93910499195,1.29808266538,0.0,0.0,1.26100063519
77,0.665223807415,1.93680784106,1.32583863225,0.0,0.0,1.31410856195
78,0.706040939888,1.93451069017,1.29050254365,0.0,0.0,1.32543340743
79,0.543768746561,1.93221353929,1.26850763136,0.0,0.0,1.27421131791
80,0.726947674409,1.9299163884,1.30583294485,0.0,0.0,1.30030855509
81,1.43806248236,1.92761923751,1.05995097362,0.0,0.0,1.18533141607
82,1.07288879717,1.92532208662,0.938936416588,0.0,0.0,1.0106066317
83,0.219582877737,1.92302493573,0.856559818393,0.0,0.0,0.901856684401
84,0.341342556246,1.92072778484,0.883955212923,0.0,0.0,0.870887701033
85,0.224652760858,1.91843063395,0.83182212555,0.0,0.0,0.866222218287
86,0.530497870157,1.91613348307,0.805548961762,0.0,0.0,0.838298076291
87,0.0961188103629,1.91383633218,0.745418461078,0.0,0.0,0.778462032309
88,0.0733288363972,1.91153918129,0.738109781437,0.0,0.0,0.747168920666
89,0.216671451621,1.9092420304,0.750547501225,0.0,0.0,0.746275112393
90,0.15575772059,1.90694487951,0.767802305322,0.0,0.0,0.763866437864
91,0.439153407028,1.90464772862,0.68532037139,0.0,0.0,0.73370286415
92,0.416458166703,1.90235057773,0.647306324232,0.0,0.0,0.682480774628
93,0.88325818172,1.90005342685,0.67676791977,0.0,0.0,0.663897420194
94,0.253459954353,1.89775627596,0.614101258634,0.0,0.0,0.654713785735
95,0.289136153475,1.89545912507,0.699415103359,0.0,0.0,0.662836636748
96,0.295068439395,-0.381453864186,0.652573111113,0.0,0.0,0.689208891852
97,0.356078537405,-0.383751015075,0.596651988559,0.0,0.0,0.639224383017
98,0.00720557179163,-0.386048165963,0.613043849883,0.0,0.0,0.613392341705
99,0.0387232907502,-0.388345316852,0.604511655136,0.0,0.0,0.618912344449
100,-0.158666499886,-0.390642467741,0.618237712023,0.0,0.0,0.617272058936
101,-0.0942958076349,-0.392939618629,0.639053674327,0.0,0.0,0.631455126485
102,0.0934246182855,-0.395236769518,0.573101348452,0.0,0.0,0.61473796515
103,0.304583453609,-0.397533920406,0.581479590967,0.0,0.0,0.578425776279
104,0.0179023065083,-0.399831071295,0.639389938412,0.0,0.0,0.618882878242
105,-0.132594331934,1.71398420487,0.645381921333,0.0,0.0,0.653515493324
106,-0.163742916361,1.71168705398,0.635095481417,0.0,0.0,0.651246595399
107,0.0161775009104,1.70938990309,0.602384683511,0.0,0.0,0.635747370612
108,-0.218474460661,1.7070927522,0.608064710593,0.0,0.0,0.612724441017
109,-0.224399396558,1.70479560132,0.602380632136,0.0,0.0,0.611830632744
110,-0.213697761825,1.70249845043,0.607983683103,0.0,0.0,0.615356755493
111,-0.16897123333,1.70020129954,0.609344944943,0.0,0.0,0.613490562394
112,0.124409868849,1.69790414865,0.565407788231,0.0,0.0,0.604778387245
113,-0.0405124164122,1.69560699776,0.595951100767,0.0,0.0,0.580517876963
114,-0.167054510443,1.69330984687,0.616750857572,0.0,0.0,0.618765013415
115,-0.101208913405,1.69101269598,0.628167630981,0.0,0.0,0.623823378919
116,-0.110470760131,1.6887155451,0.645171249858,0.0,0.0,0.650863534711
117,-0.148726000957,1.68641839421,0.669949456446,0.0,0.0,0.668720056043
118,0.0605732783319,1.68412124332,0.678967816136,0.0,0.0,0.662797348473
119,-0.0179821432894,1.68182409243,0.742460957675,0.0,0.0,0.718478657293
120,0.131436491654,1.67952694154,0.754675851865,0.0,0.0,0.773138470943
121,0.0844959726406,1.67722979065,0.765326915488,0.0,0.0,0.761155546837
122,-0.0125610923618,1.67493263976,0.762503107445,0.0,0.0,0.782646233677
123,0.630809362388,1.67263548888,0.628349942834,0.0,0.0,0.713832818684
124,-0.00358181321923,1.67033833799,0.625923169495,0.0,0.0,0.644076485073
125,-0.218701494732,1.6680411871,0.61681162819,0.0,0.0,0.63233911269
126,-0.14066057478,1.66574403621,0.602838437457,0.0,0.0,0.621200886512
127,0.0224781046925,-0.404425373072,0.645252277348,0.0,0.0,0.627850427185
128,-0.195000934477,-0.406722523961,0.654270637039,0.0,0.0,0.663877776056
129,-0.1549531045,-0.409019674849,0.645742493666,0.0,0.0,0.661795497441
130,-0.174178316897,-0.411316825738,0.592697847024,0.0,0.0,0.631749788554
131,-0.227194038961,-0.413613976626,0.583351325997,0.0,0.0,0.600299523808
132,-0.223797511271,-0.415911127515,0.583096089402,0.0,0.0,0.600476321049
133,-0.171715242236,-0.418208278404,0.601100397786,0.0,0.0,0.602922016215
134,-0.157208745155,-0.420505429292,0.620141858049,0.0,0.0,0.621858965131
135,-0.184369533306,-0.422802580181,0.616361925618,0.0,0.0,0.626455693395
136,-0.162928697052,-0.448071239955,0.577468730188,0.0,0.0,0.612577109983
137,0.00770292340581,-0.427396881958,0.606666986382,0.0,0.0,0.595162581753
138,-0.0245399979065,-0.429694032846,0.634734909084,0.0,0.0,0.632496265793
139,0.01494596358,-0.431991183735,0.559812840013,0.0,0.0,0.61288159412
140,-0.152016361636,-0.434288334624,0.58009402088,0.0,0.0,0.585615530743
141,-0.0398386642255,-0.436585485512,0.541018513597,0.0,0.0,0.575184493529
142,0.0322324030172,-0.438882636401,0.556186859814,0.0,0.0,0.565195449417
143,-0.0661574663109,-0.441179787289,0.473020243587,0.0,0.0,0.524227599869
144,-0.0831874715824,-0.443476938178,0.447954389408,0.0,0.0,0.47621732689
145,0.0566140654821,-0.445774089067,0.544279870088,0.0,0.0,0.509897201285
146,-0.0902737112477,-0.448071239955,0.539272371177,0.0,0.0,0.560205838395
147,0.093889303127,-0.427396881958,0.58371189833,0.0,0.0,0.572011965261
148,0.486577394278,-0.429694032846,0.424569855655,0.0,0.0,0.517745034368
149,-0.0853344952173,-0.431991183735,0.399909138928,0.0,0.0,0.417933169801
150,0.146832341622,-0.434288334624,0.418954650565,0.0,0.0,0.426144419435
151,1.14640536911,-0.436585485512,0.282111373271,0.0,0.0,0.348707227913
152,0.532996878267,-0.438882636401,0.517139712153,0.0,0.0,0.413424840158
153,0.318296148115,-0.441179787289,0.572627337632,0.0,0.0,0.545737930847
154,0.180648168039,-0.443476938178,0.585838869955,0.0,0.0,0.609139385854
155,0.0321474694082,-0.445774089067,0.56690274543,0.0,0.0,0.596518027266
156,0.135879989409,-0.448071239955,0.583221682012,0.0,0.0,0.571844990089
157,-0.00271287706574,-0.443109394036,0.591052988967,0.0,0.0,0.602430912768
158,0.462918484158,-0.443109394036,0.718942728564,0.0,0.0,0.664565320882
159,0.15245674321,-0.443109394036,0.733539830974,0.0,0.0,0.738692475171
160,0.430292544936,-0.443109394036,0.657843949369,0.0,0.0,0.718930472464
161,0.832273516248,-0.443109394036,0.595489244071,0.0,0.0,0.621819676855
162,1.03696351391,-0.443109394036,0.784850489319,0.0,0.0,0.692489462878
163,0.371031752603,-0.443109394036,0.796429317709,0.0,0.0,0.817288670828
164,0.777189170803,-0.443109394036,0.939904695099,0.0,0.0,0.874079873439
165,0.279528855627,-0.443109394036,0.922957795465,0.0,0.0,0.962940131138
166,0.142354543756,-0.468745597952,0.903454478507,0.0,0.0,0.942559338088
167,0.654460105814,-0.471042748841,0.868892202444,0.0,0.0,0.917719325739
168,0.561939638869,-0.450368390844,0.786438628133,0.0,0.0,0.86026022244
169,0.263274686207,-0.452665541732,0.794115982855,0.0,0.0,0.809254218435
170,0.0828324172414,-0.454962692621,0.733944968426,0.0,0.0,0.785926804703
171,-0.0145055820061,-0.457259843509,0.724659218017,0.0,0.0,0.75084237445
172,0.186515937084,-0.459556994398,0.701955315185,0.0,0.0,0.742444505506
173,0.135340170991,-0.461854145287,0.66860034873,0.0,0.0,0.710886198002
174,0.228705890679,-0.464151296175,0.659983075117,0.0,0.0,0.694620851838
175,0.656975447311,-0.466448447064,0.681779470056,0.0,0.0,0.684386256003
176,1.56557722955,-0.468745597952,0.603004543813,0.0,0.0,0.689523198058
177,0.0326701377712,-0.471042748841,0.588119793812,0.0,0.0,0.615592485148
178,0.2680791518,-0.450368390844,0.586086003801,0.0,0.0,0.606182943103
179,0.330111719796,-0.452665541732,0.606841195487,0.0,0.0,0.62214380513
180,0.308334415783,-0.454962692621,0.610783182899,0.0,0.0,0.639627087843
181,0.355822919909,-0.457259843509,0.561040406494,0.0,0.0,0.605573974829
182,0.424551359637,-0.459556994398,0.599370460865,0.0,0.0,0.594406282444
183,0.27150017957,-0.461854145287,0.591790339131,0.0,0.0,0.625679749949
184,0.683901034699,-0.464151296175,0.638478379144,0.0,0.0,0.632761461654
185,0.473429018271,-0.466448447064,0.631898946917,0.0,0.0,0.668327173286
186,0.344334832624,-0.468745597952,0.57754165493,0.0,0.0,0.631297973382
187,0.444984425953,-0.471042748841,0.586665350358,0.0,0.0,0.613912911359
188,1.72042589878,-0.466080902922,0.588954376964,0.0,0.0,0.613618249291
189,0.792550720659,-0.466080902922,0.480211433367,0.0,0.0,0.557151174955
190,0.329758101981,-0.466080902922,0.450085412407,0.0,0.0,0.485931353072
191,0.776682835826,-0.466080902922,0.43155037396,0.0,0.0,0.469057038633
192,0.654198771633,-0.466080902922,0.303790278348,0.0,0.0,0.386482905056
193,0.00640278585283,-0.466080902922,0.312930179274,0.0,0.0,0.327786221071
194,0.0206405987289,-0.466080902922,0.29326075596,0.0,0.0,0.323503799013
195,0.0822084818831,-0.466080902922,0.318991035562,0.0,0.0,0.324377963149
196,0.860268940441,-0.466080902922,0.234070174166,0.0,0.0,0.294224211503
197,0.0306015143907,-0.491717106838,0.206233179812,0.0,0.0,0.230056635119
198,0.052504585478,-0.494014257727,0.24143557305,0.0,0.0,0.240713579919
199,0.238804006786,-0.47333989973,0.19042471642,0.0,0.0,0.219154138596
200,0.0250130462531,-0.475637050618,0.231882431923,0.0,0.0,0.226206384094
201,-0.113239269117,-0.477934201507,0.233693396335,0.0,0.0,0.248050665417
202,0.151695607406,-0.480231352395,0.241941994866,0.0,0.0,0.247765825418
203,0.460452142821,-0.482528503284,0.307242049443,0.0,0.0,0.282781501188
204,-0.0818726339817,-0.484825654172,0.314263081493,0.0,0.0,0.330654265201
205,0.0960992102993,-0.487122805061,0.324788552506,0.0,0.0,0.334082167261
206,0.0704925438586,-0.48941995595,0.281916907293,0.0,0.0,0.326656683143
207,0.38725407192,-0.491717106838,0.312747867421,0.0,0.0,0.32232515074
208,1.38266780257,-0.494014257727,0.234422643749,0.0,0.0,0.300029054247
209,1.467429911,-0.47333989973,0.345896213775,0.0,0.0,0.302229197689
210,1.77814808612,-0.475637050618,0.194702967917,0.0,0.0,0.309526994912
211,0.92900799687,-0.477934201507,0.0620326063819,0.0,0.0,0.13934000639
212,0.804376092372,-0.480231352395,0.0981060451429,0.0,0.0,0.0671085114061
213,0.227449853269,-0.482528503284,0.211832179404,0.0,0.0,0.173707425611
214,0.177575858068,-0.484825654172,0.248744252692,0.0,0.0,0.238994717854
215,0.242180117744,-0.487122805061,0.332713041074,0.0,0.0,0.303574821134
216,0.579220361621,-0.48941995595,0.201598407357,0.0,0.0,0.278891961888
217,0.742358224424,-0.491717106838,0.255672103127,0.0,0.0,0.243856641979
218,0.330976572603,-0.494014257727,0.374304451937,0.0,0.0,0.328129993484
219,-0.0219070560278,-0.489052411807,0.407290743311,0.0,0.0,0.419268971177
220,0.182129606181,-0.489052411807,0.384440990996,0.0,0.0,0.435396808376
221,0.126836193391,-0.489052411807,0.476411244064,0.0,0.0,0.461749419342
222,0.0744288899675,-0.489052411807,0.470686651861,0.0,0.0,0.509828446803
223,0.210956399739,-0.489052411807,0.486381676767,0.0,0.0,0.504966522678
224,0.127194711221,-0.489052411807,0.520336246652,0.0,0.0,0.541838569478
225,0.260897361825,-0.489052411807,0.543465543809,0.0,0.0,0.568947479752
226,0.482967715896,-0.489052411807,0.493102907102,0.0,0.0,0.546896934982
227,0.4550947921,-0.489052411807,0.561433389823,0.0,0.0,0.555913594269
228,0.391884586949,-0.516985766613,0.597997044901,0.0,0.0,0.626003878224
229,0.797589570346,-0.496311408615,0.692531818042,0.0,0.0,0.682628105662
230,1.24509985609,-0.498608559504,0.559310469572,0.0,0.0,0.654291436771
231,1.17757763695,-0.500905710393,0.48244374073,0.0,0.0,0.512392006796
232,1.26572892304,-0.503202861281,0.595942998018,0.0,0.0,0.551424908763
233,0.534867051004,-0.50550001217,0.672704391122,0.0,0.0,0.66772802708
234,0.115674773833,-0.507797163058,0.740581119896,0.0,0.0,0.75306216203
235,0.0500325274548,-0.510094313947,0.720915747957,0.0,0.0,0.78271498816
236,0.321624075582,-0.512391464835,0.725238564574,0.0,0.0,0.768492632335
237,0.72535516924,-0.514688615724,0.80658611364,0.0,0.0,0.798430298464
238,0.398899776383,-0.516985766613,0.846836519535,0.0,0.0,0.877998878946
239,0.125137521211,-0.496311408615,0.852172179783,0.0,0.0,0.908015121626
240,0.304421753085,-0.498608559504,0.880454825335,0.0,0.0,0.929230790536
241,0.304380919619,-0.500905710393,0.843891170256,0.0,0.0,0.911845728513
242,0.460876810865,-0.503202861281,0.810852211014,0.0,0.0,0.865868623805
243,1.57740260126,-0.50550001217,0.80041587024,0.0,0.0,0.806631726028
244,0.604855611487,-0.507797163058,0.946403099835,0.0,0.0,0.917218400223
245,0.968110123777,-0.510094313947,0.938822978101,0.0,0.0,0.992160786234
246,1.91975037903,-0.512391464835,0.734260975639,0.0,0.0,0.91761128298
247,0.68704521157,-0.514688615724,0.725003584852,0.0,0.0,0.772254484739
248,0.881747343483,-0.516985766613,0.512180829735,0.0,0.0,0.675379418785
249,0.0212686174338,-0.512023920693,0.436067656554,0.0,0.0,0.514346598515
250,-0.119600306428,-0.512023920693,0.421721739365,0.0,0.0,0.4631539752
251,-0.0574068545771,-0.512023920693,0.44486724202,0.0,0.0,0.468222162773
252,0.171182153984,-0.512023920693,0.386049386682,0.0,0.0,0.454844504877
253,-0.0786312734618,-0.512023920693,0.37330376243,0.0,0.0,0.414397224983
254,0.181200236498,-0.512023920693,0.294058876742,0.0,0.0,0.372751652678
255,-0.0849718940405,-0.512023920693,0.291372815432,0.0,0.0,0.323042161773
256,-0.0509690503496,-0.512023920693,0.286733991602,0.0,0.0,0.324839600389
257,0.229468659822,-0.512023920693,0.318569692611,0.0,0.0,0.333453554849
258,0.604055275557,-0.53766012461,0.320883027465,0.0,0.0,0.344218542407
259,0.861363277326,-0.539957275498,0.186490831757,0.0,0.0,0.281092105331
260,0.152623343751,-0.519282917501,0.0912794790701,0.0,0.0,0.159475247717
261,0.151923458146,-0.52158006839,0.0489021015499,0.0,0.0,0.10070980925
262,0.559514130997,-0.523877219278,0.0524430028838,0.0,0.0,0.0399112025116
263,0.212754705576,-0.526174370167,0.109607897416,0.0,0.0,0.113203480941
264,0.33621795628,-0.528471521056,0.163880110539,0.0,0.0,0.178225577323
265,0.0237414921263,-0.530768671944,0.136861493839,0.0,0.0,0.215284243433
266,-0.00100767153143,-0.533065822833,0.0926326381611,0.0,0.0,0.139389116735
267,0.536524889718,-0.535362973721,0.0453976625867,0.0,0.0,0.120137861613
268,0.0313749002341,-0.53766012461,-0.0687052495052,0.0,0.0,0.00595631018637
269,-0.16373229966,-0.539957275498,-0.0625917253486,0.0,0.0,-0.0493615820831
270,0.0775853168784,-0.519282917501,-0.182283913734,0.0,0.0,-0.105239332282
271,-0.274160691393,-0.52158006839,-0.209190307359,0.0,0.0,-0.186988412069
272,-0.284945626396,-0.523877219278,-0.211482980203,0.0,0.0,-0.205797674089
273,-0.310054941223,-0.526174370167,-0.199938588497,0.0,0.0,-0.196270267217
274,-0.294771791621,-0.528471521056,-0.20599701396,0.0,0.0,-0.195346992737
275,-0.380483196467,-0.530768671944,-0.205776214048,0.0,0.0,-0.198224858936
276,-0.361948396312,-0.533065822833,-0.213959585449,0.0,0.0,-0.200700020309
277,-0.315330625012,-0.535362973721,-0.211344828331,0.0,0.0,-0.200827707205
278,-0.326031443075,-0.53766012461,-0.210184514668,0.0,0.0,-0.190210050681
279,-0.31551274227,-0.539957275498,-0.205176610619,0.0,0.0,-0.201868846513
280,-0.137616031566,-0.534995429579,-0.205001996377,0.0,0.0,-0.204786000988
281,-0.245489881674,-0.534995429579,-0.195782283372,0.0,0.0,-0.19105474861
282,-0.284730025696,-0.534995429579,-0.180634599165,0.0,0.0,-0.181065704498
283,-0.310727060071,-0.534995429579,-0.191696472165,0.0,0.0,-0.179533461743
284,-0.163346015073,-0.534995429579,-0.185068018307,0.0,0.0,-0.174592961067
285,-0.134828739186,-0.534995429579,-0.248109026449,0.0,0.0,-0.20689774581
286,-0.318518085357,-0.534995429579,-0.257323067528,0.0,0.0,-0.247030719498
287,-0.276172964591,-0.534995429579,-0.259635186969,0.0,0.0,-0.252128373278
288,-0.126666129361,-0.534995429579,-0.249867728129,0.0,0.0,-0.248602250529
289,-0.246632402049,-0.562928784384,-0.289783085352,0.0,0.0,-0.264612222901
290,-0.299305123,-0.542254426387,-0.279344718891,0.0,0.0,-0.280798992514
291,-0.151407942995,-0.544551577276,-0.313252292831,0.0,0.0,-0.293646258687
292,-0.232887857441,-0.546848728164,-0.348090872637,0.0,0.0,-0.328936952388
293,-0.348765883527,-0.549145879053,-0.358837548699,0.0,0.0,-0.351979526121
294,-0.403171903437,-0.551443029941,-0.358290613139,0.0,0.0,-0.357784368865
295,-0.389030457541,-0.55374018083,-0.362803844358,0.0,0.0,-0.35986664748
296,-0.404830232153,-0.556037331719,-0.363874622645,0.0,0.0,-0.363608855746
297,-0.403912622508,-0.558334482607,-0.365444530273,0.0,0.0,-0.364099959193
298,-0.39763186379,-0.560631633496,-0.360124265248,0.0,0.0,-0.362115901267
299,-0.369413815541,-0.562928784384,-0.365747978225,0.0,0.0,-0.361860527475
300,-0.372125076007,-0.542254426387,-0.356249125516,0.0,0.0,-0.360554192306
301,-0.370109944467,-0.544551577276,-0.365178354967,0.0,0.0,-0.359463942653
302,-0.398477116534,-0.546848728164,-0.36398522517,0.0,0.0,-0.363982094366
303,-0.408823908448,-0.549145879053,-0.362655158913,0.0,0.0,-0.362675759197
304,-0.380351549373,-0.551443029941,-0.367802025109,0.0,0.0,-0.364237468158
305,-0.35955375854,-0.55374018083,-0.35934640134,0.0,0.0,-0.363402592298
306,-0.306041011529,-0.556037331719,-0.372853278865,0.0,0.0,-0.363991916435
307,-0.362517206491,-0.558334482607,-0.383366190617,0.0,0.0,-0.377408862607
308,-0.403140298335,-0.560631633496,-0.38327827579,0.0,0.0,-0.38293868742
309,-0.398437753072,-0.562928784384,-0.384152562412,0.0,0.0,-0.384097691555
310,-0.389387832034,-0.557966938465,-0.380526987351,0.0,0.0,-0.382477050179
311,-0.373874545018,-0.557966938465,-0.389683498912,0.0,0.0,-0.38432359914
312,-0.367883540574,-0.557966938465,-0.385826185228,0.0,0.0,-0.386612141203
313,-0.314273038246,-0.557966938465,-0.377248615086,0.0,0.0,-0.382408295697
314,-0.336639160836,-0.557966938465,-0.379354924701,0.0,0.0,-0.375198897095
315,-0.30574047722,-0.557966938465,-0.382118367264,0.0,0.0,-0.381406444665
316,-0.278835306565,-0.557966938465,-0.36423965149,0.0,0.0,-0.37218352193
317,-0.32449447142,-0.557966938465,-0.357284656844,0.0,0.0,-0.361595331613
318,-0.358910631452,-0.557966938465,-0.359925747897,0.0,0.0,-0.35634052473
319,-0.310764626859,-0.583603142382,-0.353699595528,0.0,0.0,-0.356929848867
320,-0.363464542899,-0.58590029327,-0.348753272372,0.0,0.0,-0.347530128891
321,-0.316006010537,-0.565225935273,-0.358157728054,0.0,0.0,-0.349877603368
322,-0.354595840782,-0.567523086161,-0.361357908791,0.0,0.0,-0.35727362128
323,-0.337255746171,-0.56982023705,-0.355571330558,0.0,0.0,-0.355525293008
324,-0.347152961626,-0.572117387939,-0.357615249006,0.0,0.0,-0.355525293008
325,-0.252255986967,-0.574414538827,-0.347439816751,0.0,0.0,-0.35125269302
326,-0.191833074196,-0.576711689716,-0.383759173946,0.0,0.0,-0.363648144022
327,-0.352163227887,-0.579008840604,-0.38772627988,0.0,0.0,-0.385060254311
328,-0.341360326159,-0.581305991493,-0.385748803975,0.0,0.0,-0.388625665336
329,-0.35988777629,-0.583603142382,-0.384391593509,0.0,0.0,-0.384087869486
330,-0.308081868152,-0.58590029327,-0.379625151382,0.0,0.0,-0.380551924667
331,-0.238886293575,-0.565225935273,-0.413562300356,0.0,0.0,-0.394577839113
332,-0.220307066609,-0.567523086161,-0.372309989541,0.0,0.0,-0.397534281864
333,-0.0281006761295,-0.56982023705,-0.375808351443,0.0,0.0,-0.371525443312
334,-0.0633121904098,-0.572117387939,-0.414325984454,0.0,0.0,-0.392976841876
335,-0.295306710023,-0.574414538827,-0.438779675943,0.0,0.0,-0.42935778523
336,-0.351286941709,-0.576711689716,-0.439081908483,0.0,0.0,-0.44186127899
337,-0.22577221768,-0.579008840604,-0.457531868065,0.0,0.0,-0.449993952072
338,-0.373474295386,-0.581305991493,-0.46497181224,0.0,0.0,-0.466170899616
339,-0.377948663241,-0.583603142382,-0.472589611758,0.0,0.0,-0.474303572699
340,-0.362957309586,-0.58590029327,-0.47854472717,0.0,0.0,-0.481208487163
341,-0.408762984917,-0.580938447351,-0.482561259873,0.0,0.0,-0.486885643011
342,-0.398239220761,-0.580938447351,-0.474447977252,0.0,0.0,-0.484498880258
343,-0.403410697546,-0.580938447351,-0.471945443208,0.0,0.0,-0.4789199451
344,-0.407934637228,-0.580938447351,-0.473046201666,0.0,0.0,-0.477584143724
345,-0.412521378781,-0.580938447351,-0.475895533369,0.0,0.0,-0.480186991994
346,-0.412092137388,-0.580938447351,-0.472244839786,0.0,0.0,-0.478851190618
347,-0.35613273077,-0.580938447351,-0.473986930831,0.0,0.0,-0.478094891309
348,-0.366125741536,-0.580938447351,-0.480120306723,0.0,0.0,-0.482897883021
349,-0.397730517444,-0.580938447351,-0.485599385629,0.0,0.0,-0.489341160246
350,-0.380946819638,-0.590494595047,-0.48705423422,0.0,0.0,-0.492955681615
351,-0.408559960924,-0.592791745936,-0.490491015229,0.0,0.0,-0.495499597471
352,-0.417836916033,-0.595088896824,-0.494081343332,0.0,0.0,-0.49931056022
353,-0.419285360734,-0.597386047713,-0.495739165787,0.0,0.0,-0.501933052626
354,-0.41843561631,-0.599683198602,-0.495500944965,0.0,0.0,-0.50291525952
355,-0.422561511367,-0.60198034949,-0.497453707486,0.0,0.0,-0.503720669174
356,-0.425959999064,-0.604277500379,-0.497147828709,0.0,0.0,-0.504594833309
357,-0.422021692948,-0.606574651267,-0.498409021599,0.0,0.0,-0.505193979514
358,-0.423809300417,-0.608871802156,-0.496898669176,0.0,0.0,-0.504663587792
359,-0.428051619852,-0.588197444159,-0.496726080621,0.0,0.0,-0.504044797449
360,-0.426769228523,-0.590494595047,-0.497136079723,0.0,0.0,-0.504172484345
361,-0.424918255683,-0.592791745936,-0.496467197789,0.0,0.0,-0.504054619517
362,-0.403385870798,-0.595088896824,-0.496402375797,0.0,0.0,-0.503926932621
363,-0.419341874251,-0.597386047713,-0.49599156642,0.0,0.0,-0.503573338139
364,-0.399376922787,-0.599683198602,-0.502319408289,0.0,0.0,-0.506225296753
365,-0.428527917731,-0.60198034949,-0.501984359616,0.0,0.0,-0.509888928468
366,-0.429305076587,-0.604277500379,-0.502107926539,0.0,0.0,-0.509653198813
367,-0.428260050195,-0.606574651267,-0.502346957636,0.0,0.0,-0.509790707778
368,-0.424691466613,-0.608871802156,-0.503245106854,0.0,0.0,-0.510645227776
369,-0.419394467755,-0.603909956237,-0.501854715631,0.0,0.0,-0.510350565708
370,-0.426509021345,-0.603909956237,-0.501494548436,0.0,0.0,-0.509270138125
371,-0.428190535303,-0.603909956237,-0.501921968448,0.0,0.0,-0.509142451228
372,-0.429770137096,-0.603909956237,-0.502193005404,0.0,0.0,-0.509545156055
373,-0.429567995107,-0.603909956237,-0.501890367727,0.0,0.0,-0.509505867779
374,-0.422874132382,-0.603909956237,-0.503029735784,0.0,0.0,-0.509908572606
375,-0.423888190673,-0.603909956237,-0.504177611728,0.0,0.0,-0.511283662257
376,-0.426113859563,-0.603909956237,-0.50446732552,0.0,0.0,-0.512059605703
377,-0.423925430794,-0.603909956237,-0.504460195101,0.0,0.0,-0.512177470531
378,-0.424908292317,-0.629546160153,-0.505108171943,0.0,0.0,-0.512472132599
379,-0.427853626543,-0.631843311042,-0.505373942111,0.0,0.0,-0.512806082943
380,-0.430591289928,-0.611168953045,-0.505144148148,0.0,0.0,-0.512982880184
381,-0.429047172416,-0.613466103933,-0.505241340623,0.0,0.0,-0.512933769839
382,-0.428550253637,-0.615763254822,-0.505090791546,0.0,0.0,-0.512874837425
383,-0.427508306089,-0.61806040571,-0.505164891186,0.0,0.0,-0.512707862254
384,-0.428907726131,-0.620357556599,-0.504994976538,0.0,0.0,-0.512756972598
385,-0.427620753287,-0.622654707487,-0.504617631515,0.0,0.0,-0.512354267772
386,-0.428486520764,-0.624951858376,-0.504695579961,0.0,0.0,-0.512020317428
387,-0.427333865523,-0.627249009265,-0.503994530113,0.0,0.0,-0.5119024526
388,-0.424672356551,-0.629546160153,-0.505131264777,0.0,0.0,-0.511990851221
389,-0.425443945722,-0.631843311042,-0.505889236437,0.0,0.0,-0.512943591908
390,-0.427604240233,-0.611168953045,-0.506424504039,0.0,0.0,-0.513768645699
391,-0.425611036264,-0.613466103933,-0.50623834338,0.0,0.0,-0.51403384156
392,-0.419401327777,-0.615763254822,-0.508592110951,0.0,0.0,-0.514917827765
393,-0.422222511933,-0.61806040571,-0.507735447808,0.0,0.0,-0.515958967073
394,-0.422303770531,-0.620357556599,-0.507941622257,0.0,0.0,-0.515664305004
395,-0.418017971621,-0.622654707487,-0.508106351145,0.0,0.0,-0.516214340865
396,-0.413950305086,-0.624951858376,-0.507973871198,0.0,0.0,-0.516027721555
397,-0.40955074414,-0.627249009265,-0.508362924694,0.0,0.0,-0.516145586382
398,-0.412515498762,-0.629546160153,-0.505458818408,0.0,0.0,-0.514632987766
399,-0.425536311022,-0.631843311042,-0.5060836619,0.0,0.0,-0.513140033287
400,-0.413418081692,-0.626881465122,-0.506294941082,0.0,0.0,-0.513473983631
401,-0.420802160657,-0.626881465122,-0.507875584852,0.0,0.0,-0.514632987766
402,-0.415512593489,-0.626881465122,-0.506580400931,0.0,0.0,-0.515025870523
403,-0.41035271341,-0.626881465122,-0.506434024769,0.0,0.0,-0.51422046087
404,-0.40048277471,-0.626881465122,-0.502895149123,0.0,0.0,-0.512226580875
405,-0.400896172718,-0.626881465122,-0.508505654618,0.0,0.0,-0.513238253976
406,-0.406960759068,-0.626881465122,-0.513250908057,0.0,0.0,-0.518522527066
407,-0.422514716215,-0.626881465122,-0.513983720681,0.0,0.0,-0.521842386368
408,-0.422390500812,-0.626881465122,-0.514662366427,0.0,0.0,-0.522274557401
409,-0.427016850827,2.17341438259,-0.514074390443,0.0,0.0,-0.522677262228
410,-0.423061639657,2.1711172317,-0.513593654342,0.0,0.0,-0.52191114085
411,-0.411927251853,2.16882008081,-0.516261646521,0.0,0.0,-0.522971924296
412,-0.420167853598,2.16652292992,-0.517651875689,0.0,0.0,-0.525447085669
413,-0.427252206758,2.16422577903,-0.517210235352,0.0,0.0,-0.525948011184
414,-0.429654684555,2.16192862814,-0.517729662079,0.0,0.0,-0.526026587736
415,-0.427339402541,2.15963147726,-0.51726970953,0.0,0.0,-0.525889078771
416,-0.428193491646,2.15733432637,-0.517676183936,0.0,0.0,-0.525830146357
417,-0.418404011207,2.15503717548,-0.51618580479,0.0,0.0,-0.525221178083
418,-0.421047079785,2.15274002459,-0.515058145205,0.0,0.0,-0.52395413119
419,-0.426750004128,2.1504428737,-0.515899007987,0.0,0.0,-0.523679113259
420,-0.429265345625,2.14814572281,-0.516014593702,0.0,0.0,-0.52422914912
421,-0.429607358568,2.14584857192,-0.515192893921,0.0,0.0,-0.523836266362
422,-0.42961122958,2.14355142104,-0.515234461024,0.0,0.0,-0.523472849812
423,-0.427477599322,2.14125427015,-0.515261645747,0.0,0.0,-0.523688935328
424,-0.430192216299,2.13895711926,-0.51525994417,0.0,0.0,-0.523404095329
425,-0.423654133247,2.13665996837,-0.513944786972,0.0,0.0,-0.522834415331
426,-0.428429345745,2.13436281748,-0.513194431896,0.0,0.0,-0.521400393265
427,-0.430757694468,2.13206566659,-0.512962814815,0.0,0.0,-0.52107626499
428,-0.42697364902,2.1297685157,-0.514127625504,0.0,0.0,-0.521400393265
429,-0.429892588494,2.12747136482,-0.514370100269,0.0,0.0,-0.522186158781
430,-0.427799571201,2.12517421393,-0.513283926759,0.0,0.0,-0.521763809816
431,-0.42387308229,-0.3584823553,-0.51424430509,0.0,0.0,-0.521547724299
432,-0.421319847337,-0.360779506189,-0.51349844704,0.0,0.0,-0.521194129818
433,-0.416267195939,-0.363076657078,-0.515225142863,0.0,0.0,-0.522726372572
434,-0.393039813887,-0.365373807966,-0.519062199674,0.0,0.0,-0.526232851184
435,-0.42025670722,-0.367670958855,-0.516944465183,0.0,0.0,-0.52627213946
436,-0.427519927293,-0.369968109743,-0.515225142863,0.0,0.0,-0.524111284293
437,-0.424529847755,-0.372265260632,-0.515716169455,0.0,0.0,-0.523345162915
438,-0.419247875612,-0.37456241152,-0.513310382235,0.0,0.0,-0.522765660848
439,-0.429617501601,-0.376859562409,-0.512809551316,0.0,0.0,-0.520840535336
440,-0.425743010026,1.94140214284,-0.514383186209,0.0,0.0,-0.521233418093
441,-0.420537723132,1.93910499195,-0.512387195522,0.0,0.0,-0.521370927058
442,-0.429483118665,1.93680784106,-0.511455217327,0.0,0.0,-0.519475267753
443,-0.427310149446,1.93451069017,-0.510370502312,0.0,0.0,-0.518522527066
444,-0.431558193733,1.93221353929,-0.510017627591,0.0,0.0,-0.517402811207
445,-0.428157803197,1.9299163884,-0.510687198258,0.0,0.0,-0.517373345
446,-0.421364682483,1.92761923751,-0.508541549797,0.0,0.0,-0.517108149139
447,-0.43049136227,1.92532208662,-0.50829700883,0.0,0.0,-0.51551697397
448,-0.425205804949,1.92302493573,-0.509336145882,0.0,0.0,-0.515625016729
449,-0.431429796983,1.92072778484,-0.509507721593,0.0,0.0,-0.516597401554
450,-0.430196454813,1.91843063395,-0.509237535426,0.0,0.0,-0.516509002933
451,-0.430185740112,1.91613348307,-0.509872385814,0.0,0.0,-0.516607223623
452,-0.42558825119,1.91383633218,-0.508122556643,0.0,0.0,-0.516027721555
453,-0.428717238012,1.91153918129,-0.507886685619,0.0,0.0,-0.514849073282
454,-0.426635670423,1.9092420304,-0.507351215448,0.0,0.0,-0.514475834663
455,-0.429066078311,1.90694487951,-0.508217682917,0.0,0.0,-0.514652631904
456,-0.431503264554,1.90464772862,-0.507790992152,0.0,0.0,-0.514819607076
457,-0.427702060884,1.90235057773,-0.508536971743,0.0,0.0,-0.514770496731
458,-0.426211859881,1.90005342685,-0.507141759385,0.0,0.0,-0.514799962938
459,-0.429475433806,1.89775627596,-0.506384192863,0.0,0.0,-0.513405229148
460,-0.43094733325,1.89545912507,-0.505838837338,0.0,0.0,-0.512668573978
461,-0.422492666144,-0.381453864186,-0.505347689204,0.0,0.0,-0.512521242944
462,-0.429310589105,-0.383751015075,-0.505255236838,0.0,0.0,-0.51172565536
463,-0.429527553642,-0.386048165963,-0.505085443732,0.0,0.0,-0.511617612601
464,-0.429775633281,-0.388345316852,-0.504794028362,0.0,0.0,-0.511116687085
465,-0.429927566441,-0.390642467741,-0.504450309747,0.0,0.0,-0.510871135362
466,-0.426289002465,-0.392939618629,-0.505426042788,0.0,0.0,-0.511224729844
467,-0.421984697828,-0.395236769518,-0.505508366718,0.0,0.0,-0.511597968463
468,-0.424873175536,-0.397533920406,-0.505605842789,0.0,0.0,-0.511696189153
469,-0.415718639158,-0.399831071295,-0.504980634673,0.0,0.0,-0.511853342256
470,-0.423483041025,1.71398420487,-0.504053477613,0.0,0.0,-0.510419320191
471,-0.420787215608,1.71168705398,-0.50684260589,0.0,0.0,-0.511715833291
472,-0.412313863108,1.70938990309,-0.504528987441,0.0,0.0,-0.512747150529
473,-0.423011332827,1.7070927522,-0.503246929973,0.0,0.0,-0.510006793295
474,-0.423596149725,1.70479560132,-0.503066846375,0.0,0.0,-0.509211205711
475,-0.426073597766,1.70249845043,-0.503590324477,0.0,0.0,-0.509162095366
476,-0.418646643661,1.70020129954,-0.501588540325,0.0,0.0,-0.508602237437
477,-0.429733999479,1.69790414865,-0.501363689039,0.0,0.0,-0.507128927096
478,-0.429705440553,1.69560699776,-0.501056999987,0.0,0.0,-0.50690301951
479,-0.428227955091,1.69330984687,-0.500899806656,0.0,0.0,-0.506765510545
480,-0.429785261812,1.69101269598,-0.501090626396,0.0,0.0,-0.506618179511
481,-0.427748619202,1.6887155451,-0.50139528976,0.0,0.0,-0.5067164002
482,-0.42578417016,1.68641839421,-0.499528011242,0.0,0.0,-0.506028855374
483,-0.419015614859,1.68412124332,-0.501601504723,0.0,0.0,-0.505655616755
484,-0.429746453686,1.68182409243,-0.50175626723,0.0,0.0,-0.507286080199
485,-0.431467306604,1.67952694154,-0.501682127076,0.0,0.0,-0.50727625813
486,-0.430344745628,1.67722979065,-0.501854715631,0.0,0.0,-0.507443233302
487,-0.430882383539,1.67493263976,-0.501688204138,0.0,0.0,-0.507246791923
488,-0.427344833391,1.67263548888,-0.501979903104,0.0,0.0,-0.50736465675
489,-0.426504113163,1.67033833799,-0.502424338889,0.0,0.0,-0.507649496749
490,-0.424843775441,1.6680411871,-0.502516345605,0.0,0.0,-0.507678962956
491,-0.425593886209,1.66574403621,-0.501507107697,0.0,0.0,-0.507639674681
492,-0.428534483753,-0.404425373072,-0.50099136772,0.0,0.0,-0.506549425028
493,-0.424938917416,-0.406722523961,-0.499435639903,0.0,0.0,-0.505547573996
494,-0.427126080348,-0.409019674849,-0.498844949497,0.0,0.0,-0.504162662276
495,-0.4245848096,-0.411316825738,-0.498262766978,0.0,0.0,-0.503504583657
496,-0.426351616501,-0.413613976626,-0.497398608792,0.0,0.0,-0.502522376763
497,-0.427603644065,-0.415911127515,-0.496843165345,0.0,0.0,-0.501775899523
498,-0.42833044709,-0.418208278404,-0.497709349218,0.0,0.0,-0.501913408489
499,-0.431089695046,-0.420505429292,-0.497806582207,0.0,0.0,-0.502414334005
500,-0.429250964078,-0.422802580181,-0.497746216726,0.0,0.0,-0.502502732625
501,-0.429561559753,-0.448071239955,-0.498198350123,0.0,0.0,-0.502571487108
502,-0.42952906448,-0.427396881958,-0.497528657915,0.0,0.0,-0.502473266418
503,-0.426059551053,-0.429694032846,-0.498125425382,0.0,0.0,-0.502296469177
504,-0.42884270292,-0.431991183735,-0.498976214032,0.0,0.0,-0.503190277451
505,-0.42853073524,-0.434288334624,-0.497948380315,0.0,0.0,-0.503317964347
506,-0.430106604855,-0.436585485512,-0.499049949048,0.0,0.0,-0.503357252623
507,-0.426397750151,-0.438882636401,-0.497463430785,0.0,0.0,-0.503003658141
508,-0.426935486063,-0.441179787289,-0.497871809337,0.0,0.0,-0.502149138143
509,-0.412058735613,-0.443476938178,-0.496329856193,0.0,0.0,-0.502188426419
510,-0.411027935601,-0.445774089067,-0.493724822374,0.0,0.0,-0.49948735746
511,-0.408345911896,-0.448071239955,-0.497903410058,0.0,0.0,-0.500086503666
512,-0.423119704845,-0.427396881958,-0.500574886419,0.0,0.0,-0.503966220897
513,-0.416100840399,-0.429694032846,-0.499734226205,0.0,0.0,-0.504918961584
514,-0.428340010288,-0.431991183735,-0.500187169877,0.0,0.0,-0.504732342274
515,-0.420193823683,-0.434288334624,-0.502241216761,0.0,0.0,-0.505999389168
516,-0.428452318653,-0.436585485512,-0.50231292609,0.0,0.0,-0.507207503647
517,-0.429770643431,-0.438882636401,-0.50245950482,0.0,0.0,-0.50746287744
518,-0.424862885503,-0.441179787289,-0.502528945379,0.0,0.0,-0.50736465675
519,-0.428314309705,-0.443476938178,-0.503379450433,0.0,0.0,-0.508042379507
520,-0.427241941224,-0.445774089067,-0.501475506976,0.0,0.0,-0.507492343646
521,-0.428524830721,-0.448071239955,-0.503344203475,0.0,0.0,-0.50755127606
522,-0.429432232,-0.443132365545,-0.504207348817,0.0,0.0,-0.508985298125
523,-0.425001147618,-0.443132365545,-0.503769800369,0.0,0.0,-0.509260316056
524,-0.429427454484,-0.443132365545,-0.503280515867,0.0,0.0,-0.508631703643
525,-0.429238575204,-0.443132365545,-0.503190737408,0.0,0.0,-0.508504016747
526,-0.429746731354,-0.443132365545,-0.503358221231,0.0,0.0,-0.508327219506
527,-0.428524626554,-0.443132365545,-0.503123930242,0.0,0.0,-0.508435262265
528,-0.423511706118,-0.443132365545,-0.501923588998,0.0,0.0,-0.507561098129
529,-0.426770625028,-0.443132365545,-0.502443096753,0.0,0.0,-0.506893197441
530,-0.41477930611,-0.443132365545,-0.503452415688,0.0,0.0,-0.507256613992
531,-0.425377877174,-0.468745597952,-0.504928655537,0.0,0.0,-0.509338892607
532,-0.428524046719,-0.471042748841,-0.505776689253,0.0,0.0,-0.5106059395
533,-0.427781465642,-0.450368390844,-0.506051210391,0.0,0.0,-0.511234551913
534,-0.430090598136,-0.452665541732,-0.505281773341,0.0,0.0,-0.510930067775
535,-0.42208286148,-0.454962692621,-0.504799862341,0.0,0.0,-0.510222878812
536,-0.429637501832,-0.457259843509,-0.504617266892,0.0,0.0,-0.509790707778
537,-0.427436961857,-0.459556994398,-0.505715797094,0.0,0.0,-0.510291633294
538,-0.430808956801,-0.461854145287,-0.505753798987,0.0,0.0,-0.510861313293
539,-0.429121750659,-0.464151296175,-0.505388121922,0.0,0.0,-0.510782736741
540,-0.429040459395,-0.466448447064,-0.505240530348,0.0,0.0,-0.510370209846
541,-0.430864294314,-0.468745597952,-0.505025523902,0.0,0.0,-0.510419320191
542,-0.428342517463,-0.471042748841,-0.506735244465,0.0,0.0,-0.511028288465
543,-0.430018886404,-0.450368390844,-0.50676190251,0.0,0.0,-0.512030139497
544,-0.428757173142,-0.452665541732,-0.506772152487,0.0,0.0,-0.511804231911
545,-0.427207167445,-0.454962692621,-0.505488352928,0.0,0.0,-0.511293484326
546,-0.428662676335,-0.457259843509,-0.505181623363,0.0,0.0,-0.510478252604
547,-0.428295722311,-0.459556994398,-0.505287121155,0.0,0.0,-0.510360387777
548,-0.427332607852,-0.461854145287,-0.504019162471,0.0,0.0,-0.509545156055
549,-0.428264158042,-0.464151296175,-0.503405622313,0.0,0.0,-0.508484372609
550,-0.423241143573,-0.466448447064,-0.503694647371,0.0,0.0,-0.507983447093
551,-0.420125631795,-0.468745597952,-0.50220151329,0.0,0.0,-0.507413767095
552,-0.411476042055,-0.471042748841,-0.501910219462,0.0,0.0,-0.506352983649
553,-0.404485107699,-0.46610387443,-0.50513021142,0.0,0.0,-0.507973625024
554,-0.422206750216,-0.46610387443,-0.506355630672,0.0,0.0,-0.510733626397
555,-0.420904734323,-0.46610387443,-0.506551879254,0.0,0.0,-0.511430993291
556,-0.420772760562,-0.46610387443,-0.50637313261,0.0,0.0,-0.512030139497
557,-0.421772935474,-0.46610387443,-0.506044809219,0.0,0.0,-0.511185441568
558,-0.403264350404,-0.46610387443,-0.508429610319,0.0,0.0,-0.512256047082
559,-0.390338108451,-0.46610387443,-0.513242157088,0.0,0.0,-0.516509002933
560,-0.361898497816,-0.46610387443,-0.506323462759,0.0,0.0,-0.515909856728
561,-0.414821772914,-0.46610387443,-0.50317323547,0.0,0.0,-0.509329070538
562,-0.413644217426,-0.491717106838,-0.501367335276,0.0,0.0,-0.506775332614
563,-0.427032359377,-0.494014257727,-0.500188385289,0.0,0.0,-0.504673409861
564,-0.422920845867,-0.47333989973,-0.500074541665,0.0,0.0,-0.504152840207
565,-0.414328177979,-0.475637050618,-0.499615115794,0.0,0.0,-0.503907288483
566,-0.386826920389,-0.477934201507,-0.502731230509,0.0,0.0,-0.505017182274
567,-0.357304324572,-0.480231352395,-0.496856129744,0.0,0.0,-0.503818889863
568,-0.404471060987,-0.482528503284,-0.500451319496,0.0,0.0,-0.502119671936
569,-0.370924735445,-0.484825654172,-0.495292704315,0.0,0.0,-0.501441949179
570,-0.407888087077,-0.487122805061,-0.494079722782,0.0,0.0,-0.497405078845
571,-0.373351304987,-0.48941995595,-0.500786773307,0.0,0.0,-0.500597251251
572,-0.414301227891,-0.491717106838,-0.501460922027,0.0,0.0,-0.505370776755
573,-0.385236620228,-0.494014257727,-0.504372118219,0.0,0.0,-0.506559247097
574,-0.416675203929,-0.47333989973,-0.506195560865,0.0,0.0,-0.509417469159
575,-0.421410334298,-0.475637050618,-0.505789775193,0.0,0.0,-0.51033092157
576,-0.419785407357,-0.477934201507,-0.504306526466,0.0,0.0,-0.509643376744
577,-0.425890745506,-0.480231352395,-0.503338410009,0.0,0.0,-0.508032557438
578,-0.412502922055,-0.482528503284,-0.504749949407,0.0,0.0,-0.507767361577
579,-0.415130147248,-0.484825654172,-0.507760444788,0.0,0.0,-0.510694338121
580,-0.428936954725,-0.487122805061,-0.508073980663,0.0,0.0,-0.513041812597
581,-0.425333777031,-0.48941995595,-0.508285259844,0.0,0.0,-0.512884659494
582,-0.423724693476,-0.491717106838,-0.506660050954,0.0,0.0,-0.512383733978
583,-0.429946701003,-0.494014257727,-0.506610259561,0.0,0.0,-0.511372060878
584,-0.420329962458,-0.489075383316,-0.505109346841,0.0,0.0,-0.510507718811
585,-0.418055538409,-0.489075383316,-0.509438483603,0.0,0.0,-0.512069427772
586,-0.421838840688,-0.489075383316,-0.508058828522,0.0,0.0,-0.514004375354
587,-0.419609251785,-0.489075383316,-0.5079405689,0.0,0.0,-0.51255070915
588,-0.397241005855,-0.489075383316,-0.50503707032,0.0,0.0,-0.511892630532
589,-0.423850868885,-0.489075383316,-0.504262488024,0.0,0.0,-0.508680813988
590,-0.425773961793,-0.489075383316,-0.502873555296,0.0,0.0,-0.507561098129
591,-0.427081963872,-0.489075383316,-0.502574644884,0.0,0.0,-0.506637823649
592,-0.420344907506,-0.489075383316,-0.501857146456,0.0,0.0,-0.506303873305
593,-0.42151699131,-0.516985766613,-0.501328847218,0.0,0.0,-0.505135047101
594,-0.41238540334,-0.496311408615,-0.502760359892,0.0,0.0,-0.505665438824
595,-0.398948089729,-0.498608559504,-0.496990635378,0.0,0.0,-0.503406362967
596,-0.42544239405,-0.500905710393,-0.497402660167,0.0,0.0,-0.499723087115
597,-0.42237751577,-0.503202861281,-0.495927149565,0.0,0.0,-0.499153407116
598,-0.421858522419,-0.50550001217,-0.495808039154,0.0,0.0,-0.498131911947
599,-0.407199471509,-0.507797163058,-0.497871809337,0.0,0.0,-0.49948735746
600,-0.409262786539,-0.510094313947,-0.499425511467,0.0,0.0,-0.50199198504
601,-0.355209322773,-0.512391464835,-0.499495600246,0.0,0.0,-0.500086503666
602,-0.377870671321,-0.514688615724,-0.50405323453,0.0,0.0,-0.505341310549
603,-0.386937334081,-0.516985766613,-0.502696469716,0.0,0.0,-0.508081667783
604,-0.377431303229,-0.496311408615,-0.506229713952,0.0,0.0,-0.507914692611
605,-0.325039189855,-0.498608559504,-0.492404884554,0.0,0.0,-0.503170633313
606,-0.271571032988,-0.500905710393,-0.475105110199,0.0,0.0,-0.484439947845
607,-0.402954342731,-0.503202861281,-0.482645528463,0.0,0.0,-0.477544855449
608,-0.418583433456,-0.50550001217,-0.480888447332,0.0,0.0,-0.481729056817
609,-0.381817960799,-0.507797163058,-0.485154139569,0.0,0.0,-0.482524644401
610,-0.403368884077,-0.510094313947,-0.491213780444,0.0,0.0,-0.488751836109
611,-0.403216248581,-0.512391464835,-0.496434381656,0.0,0.0,-0.495342444368
612,-0.424477254251,-0.514688615724,-0.497361741284,0.0,0.0,-0.499281094013
613,-0.425182529874,-0.516985766613,-0.495849768312,0.0,0.0,-0.498760524359
614,-0.427678328474,-0.512046892202,-0.495689739018,0.0,0.0,-0.497581876086
615,-0.420585579954,-0.512046892202,-0.495455569571,0.0,0.0,-0.497336324363
616,-0.416927064747,-0.512046892202,-0.497315150477,0.0,0.0,-0.498524794704
617,-0.427299745078,-0.512046892202,-0.497152285221,0.0,0.0,-0.499565934012
618,-0.425365872135,-0.512046892202,-0.497948785453,0.0,0.0,-0.499909706425
619,-0.421524259667,-0.512046892202,-0.497633993652,0.0,0.0,-0.500302589182
620,-0.415653142279,-0.512046892202,-0.498048854403,0.0,0.0,-0.500557962975
621,-0.425865020422,-0.512046892202,-0.497254379859,0.0,0.0,-0.499870418149
622,-0.416069806965,-0.512046892202,-0.49688692019,0.0,0.0,-0.499418602978
623,-0.399767372388,-0.53766012461,-0.501363283901,0.0,0.0,-0.501520525731
624,-0.422388785806,-0.539957275498,-0.502744032853,0.0,0.0,-0.504977893998
625,-0.411065992391,-0.519282917501,-0.503454846513,0.0,0.0,-0.506235118822
626,-0.395813549556,-0.52158006839,-0.506009643288,0.0,0.0,-0.509162095366
627,-0.387465882463,-0.523877219278,-0.502583436367,0.0,0.0,-0.508543305023
628,-0.41746410649,-0.526174370167,-0.502186928342,0.0,0.0,-0.505184157446
629,-0.412008183782,-0.528471521056,-0.501301297871,0.0,0.0,-0.505193979514
630,-0.400480161368,-0.530768671944,-0.499651173028,0.0,0.0,-0.503396540898
631,-0.414949744996,-0.533065822833,-0.496499203648,0.0,0.0,-0.49986059608
632,-0.419771278978,-0.535362973721,-0.497295703879,0.0,0.0,-0.498848922979
633,-0.414291836194,-0.53766012461,-0.498453991856,0.0,0.0,-0.500390987803
634,-0.393143612557,-0.539957275498,-0.494691885473,0.0,0.0,-0.498387285739
635,-0.390519327373,-0.519282917501,-0.498966490733,0.0,0.0,-0.498780168497
636,-0.381019503208,-0.52158006839,-0.503410524476,0.0,0.0,-0.503042946417
637,-0.404042391263,-0.523877219278,-0.506626221977,0.0,0.0,-0.508101311921
638,-0.410672766115,-0.526174370167,-0.510612328857,0.0,0.0,-0.512501598806
639,-0.426893043759,-0.528471521056,-0.509750074817,0.0,0.0,-0.514446368456
640,-0.419061511674,-0.530768671944,-0.508899448222,0.0,0.0,-0.513847222251
641,-0.408878543625,-0.533065822833,-0.510347733587,0.0,0.0,-0.513395407079
642,-0.414708909214,-0.535362973721,-0.510578459366,0.0,0.0,-0.514583877421
643,-0.421952929392,-0.53766012461,-0.51241583874,0.0,0.0,-0.516155408451
644,-0.426808608318,-0.539957275498,-0.512909417698,0.0,0.0,-0.517579608448
645,-0.423735065176,-0.535018401088,-0.512237578261,0.0,0.0,-0.517334056724
646,-0.422146071685,-0.535018401088,-0.512641500301,0.0,0.0,-0.517579608448
647,-0.425596091216,-0.535018401088,-0.512838559158,0.0,0.0,-0.517579608448
648,-0.416854381178,-0.535018401088,-0.511254674288,0.0,0.0,-0.516823309139
649,-0.419479483031,-0.535018401088,-0.512600662446,0.0,0.0,-0.516410782244
650,-0.420029754817,-0.535018401088,-0.512657381689,0.0,0.0,-0.516882241553
651,-0.416892519635,-0.535018401088,-0.510145286402,0.0,0.0,-0.516057187762
652,-0.400922306136,-0.535018401088,-0.51425771514,0.0,0.0,-0.516754554657
653,-0.420771780558,-0.535018401088,-0.514653129293,0.0,0.0,-0.519848506373
654,-0.404553136253,-0.562928784384,-0.518922670336,0.0,0.0,-0.521803098092
655,-0.427265706301,-0.542254426387,-0.519727597426,0.0,0.0,-0.52525064429
656,-0.424967664176,-0.544551577276,-0.518018241487,0.0,0.0,-0.524838117394
657,-0.418696868824,-0.546848728164,-0.519162349652,0.0,0.0,-0.524396124292
658,-0.419993086364,-0.549145879053,-0.518727110487,0.0,0.0,-0.525280110497
659,-0.419525461513,-0.551443029941,-0.517189006149,0.0,0.0,-0.52395413119
660,-0.425612506269,-0.55374018083,-0.516280728495,0.0,0.0,-0.522156692574
661,-0.422526476253,-0.556037331719,-0.517903547074,0.0,0.0,-0.522500464987
662,-0.423552131249,-0.558334482607,-0.516763044632,0.0,0.0,-0.522952280158
663,-0.423514482793,-0.560631633496,-0.515798574413,0.0,0.0,-0.521655767058
664,-0.421653048419,-0.562928784384,-0.515055957462,0.0,0.0,-0.520604805681
665,-0.423887129003,-0.542254426387,-0.513824704231,0.0,0.0,-0.51922971603
666,-0.417202690641,-0.544551577276,-0.513010742575,0.0,0.0,-0.518561815342
667,-0.41431535627,-0.546848728164,-0.51529770298,0.0,0.0,-0.518748434652
668,-0.426345826316,-0.549145879053,-0.516550104387,0.0,0.0,-0.521282528438
669,-0.424475212578,-0.551443029941,-0.516079537236,0.0,0.0,-0.52153790223
670,-0.423322320503,-0.55374018083,-0.517085858154,0.0,0.0,-0.52163612292
671,-0.408775316623,-0.556037331719,-0.519125158034,0.0,0.0,-0.52358089257
672,-0.415482785059,-0.558334482607,-0.51530061997,0.0,0.0,-0.522991568434
673,-0.422058606401,-0.560631633496,-0.514341294996,0.0,0.0,-0.520378898096
674,-0.399620371911,-0.562928784384,-0.513690684762,0.0,0.0,-0.520143168441
675,-0.421195631934,-0.557989909974,-0.511962206335,0.0,0.0,-0.516970640173
676,-0.422448566,-0.557989909974,-0.510750521242,0.0,0.0,-0.51515355742
677,-0.423425384171,-0.557989909974,-0.508790223165,0.0,0.0,-0.513503449838
678,-0.420540418141,-0.557989909974,-0.509587169048,0.0,0.0,-0.512658751909
679,-0.417632912038,-0.557989909974,-0.507166472769,0.0,0.0,-0.512069427772
680,-0.42658216225,-0.557989909974,-0.505894746306,0.0,0.0,-0.50968266502
681,-0.429863964234,-0.557989909974,-0.505869830353,0.0,0.0,-0.508651347781
682,-0.427330598845,-0.557989909974,-0.505877122827,0.0,0.0,-0.508798678815
683,-0.425133366381,-0.557989909974,-0.506624925537,0.0,0.0,-0.508808500884
684,-0.422198583522,-0.583603142382,-0.504985941973,0.0,0.0,-0.50847455054
685,-0.418617896901,-0.58590029327,-0.506002431841,0.0,0.0,-0.50792451468
686,-0.419979284653,-0.565225935273,-0.50554819173,0.0,0.0,-0.508454906403
687,-0.415484255064,-0.567523086161,-0.509765956205,0.0,0.0,-0.510713982259
688,-0.42074646381,-0.56982023705,-0.508015600356,0.0,0.0,-0.512481954668
689,-0.426723927876,-0.572117387939,-0.508723334972,0.0,0.0,-0.511558680188
690,-0.423166091663,-0.574414538827,-0.507172873941,0.0,0.0,-0.511175619499
691,-0.413121222395,-0.576711689716,-0.503434143989,0.0,0.0,-0.508160244334
692,-0.418616263563,-0.579008840604,-0.506987199447,0.0,0.0,-0.507718251232
693,-0.418308297563,-0.581305991493,-0.505285014441,0.0,0.0,-0.50875939054
694,-0.41108706246,-0.583603142382,-0.510293040031,0.0,0.0,-0.510753270534
695,-0.420006316407,-0.58590029327,-0.509632665983,0.0,0.0,-0.513719535354
696,-0.412587202328,-0.565225935273,-0.507469556098,0.0,0.0,-0.512344445703
697,-0.390356565178,-0.567523086161,-0.507783132486,0.0,0.0,-0.513228431907
698,-0.400406661129,-0.56982023705,-0.503349308207,0.0,0.0,-0.508405796058
699,-0.414547372024,-0.572117387939,-0.50190576295,0.0,0.0,-0.503445651243
700,-0.411224344572,-0.574414538827,-0.501983954478,0.0,0.0,-0.503946576759
701,-0.386740108441,-0.576711689716,-0.497240200048,0.0,0.0,-0.501697322972
702,-0.39855731346,-0.579008840604,-0.500410400613,0.0,0.0,-0.498593549187
703,-0.394439503429,-0.581305991493,-0.50791342469,0.0,0.0,-0.505891346409
704,-0.417269167524,-0.583603142382,-0.507638822525,0.0,0.0,-0.51079255881
705,-0.412492632021,-0.58590029327,-0.505575011829,0.0,0.0,-0.508710280195
706,-0.411929946862,-0.58096141886,-0.512155862037,0.0,0.0,-0.511656900877
707,-0.413576515539,-0.58096141886,-0.512826810172,0.0,0.0,-0.516558113278
708,-0.406585172849,-0.58096141886,-0.507033709226,0.0,0.0,-0.513100745011
709,-0.402479857858,-0.58096141886,-0.507751248168,0.0,0.0,-0.510674693983
710,-0.388328938597,-0.58096141886,-0.510380954858,0.0,0.0,-0.511460459498
711,-0.405413252378,-0.58096141886,-0.51393806169,0.0,0.0,-0.516440248451
712,-0.401497486336,-0.58096141886,-0.51645266883,0.0,0.0,-0.518777900858
713,-0.410631687648,-0.58096141886,-0.519000213644,0.0,0.0,-0.522647796021
714,-0.415557918637,-0.58096141886,-0.523128159146,0.0,0.0,-0.526606089803
715,-0.428175524921,-0.588197444159,-0.52270685671,0.0,0.0,-0.529287514624
716,-0.426375879747,-0.590494595047,-0.522870613268,0.0,0.0,-0.529012496694
717,-0.427150449761,-0.592791745936,-0.524263313774,0.0,0.0,-0.529896482898
718,-0.426641133941,-0.595088896824,-0.524035302416,0.0,0.0,-0.530751002896
719,-0.416886067947,-0.597386047713,-0.52357539038,0.0,0.0,-0.530240255311
720,-0.425089756239,-0.599683198602,-0.52540547728,0.0,0.0,-0.531124241516
721,-0.423493902726,-0.60198034949,-0.525158059838,0.0,0.0,-0.532086804272
722,-0.422125491619,-0.604277500379,-0.528354553823,0.0,0.0,-0.534090506336
723,-0.429183678693,-0.606574651267,-0.52931120489,0.0,0.0,-0.536663888398
724,-0.427372681815,-0.608871802156,-0.528310150759,0.0,0.0,-0.536712998743
725,-0.428160579872,-0.588197444159,-0.52924435721,0.0,0.0,-0.536437980812
726,-0.420493949657,-0.590494595047,-0.531154742353,0.0,0.0,-0.538225597359
727,-0.421803070572,-0.592791745936,-0.529551734995,0.0,0.0,-0.538264885635
728,-0.421445287744,-0.595088896824,-0.526311850788,0.0,0.0,-0.535485240125
729,-0.423041794592,-0.597386047713,-0.526310311266,0.0,0.0,-0.533147587717
730,-0.425253090103,-0.599683198602,-0.52608545998,0.0,0.0,-0.534100328405
731,-0.414642677333,-0.60198034949,-0.525215467815,0.0,0.0,-0.53367797944
732,-0.415343379607,-0.604277500379,-0.524407178084,0.0,0.0,-0.531556412549
733,-0.41285466153,-0.606574651267,-0.528930699794,0.0,0.0,-0.533530648406
734,-0.41103169228,-0.608871802156,-0.530481565962,0.0,0.0,-0.537518408396
735,-0.419758947271,-0.603932927745,-0.533057186802,0.0,0.0,-0.540131078734
736,-0.426478755581,-0.603932927745,-0.53368944431,0.0,0.0,-0.542213357349
737,-0.428698977286,-0.603932927745,-0.535051516425,0.0,0.0,-0.543392005622
738,-0.432852410433,-0.603932927745,-0.53506217154,0.0,0.0,-0.544384034585
739,-0.432268116204,-0.603932927745,-0.534951082851,0.0,0.0,-0.544285813895
740,-0.431520357443,-0.603932927745,-0.535082225844,0.0,0.0,-0.544295635964
741,-0.431164755123,-0.603932927745,-0.535386767667,0.0,0.0,-0.544629586308
742,-0.431602881878,-0.603932927745,-0.53606278002,0.0,0.0,-0.545189444238
743,-0.431159569272,-0.603932927745,-0.535740371636,0.0,0.0,-0.545484106306
744,-0.42964595436,-0.629546160153,-0.53535921832,0.0,0.0,-0.544993002859
745,-0.431379269652,-0.631843311042,-0.535161227647,0.0,0.0,-0.544501899412
746,-0.428980499533,-0.611168953045,-0.535054311874,0.0,0.0,-0.544531365619
747,-0.430416604361,-0.613466103933,-0.535480556987,0.0,0.0,-0.544511721481
748,-0.428736527742,-0.615763254822,-0.535976161633,0.0,0.0,-0.545042113204
749,-0.423037711246,-0.61806040571,-0.535093893803,0.0,0.0,-0.544826027687
750,-0.425650971394,-0.620357556599,-0.536290062131,0.0,0.0,-0.545091223548
751,-0.426524423729,-0.622654707487,-0.537058000172,0.0,0.0,-0.546201117339
752,-0.428401774988,-0.624951858376,-0.538287835422,0.0,0.0,-0.547419053887
753,-0.433141511371,-0.627249009265,-0.53815648986,0.0,0.0,-0.548303040092
754,-0.433102539912,-0.629546160153,-0.538202391934,0.0,0.0,-0.548244107678
755,-0.432025957418,-0.631843311042,-0.538728543943,0.0,0.0,-0.548538769746
756,-0.432423250707,-0.611168953045,-0.538546070035,0.0,0.0,-0.548833431814
757,-0.430926957351,-0.613466103933,-0.538826789775,0.0,0.0,-0.548774499401
758,-0.433464985921,-0.615763254822,-0.539170820346,0.0,0.0,-0.549295069055
759,-0.432410273832,-0.61806040571,-0.539175191779,0.0,0.0,-0.549462044227
760,-0.431227801994,-0.620357556599,-0.539287726809,0.0,0.0,-0.549530798709
761,-0.433807324716,-0.622654707487,-0.539481479744,0.0,0.0,-0.549776350433
762,-0.433599932359,-0.624951858376,-0.539441342777,0.0,0.0,-0.549874571122
763,-0.432054099842,-0.627249009265,-0.539656580151,0.0,0.0,-0.549835282846
764,-0.433595024177,-0.629546160153,-0.539864042938,0.0,0.0,-0.550239527773
765,-0.434102201956,-0.631843311042,-0.539907202231,0.0,0.0,-0.550405073834
766,-0.434236631442,-0.626904436631,-0.539908393335,0.0,0.0,-0.550426297361
767,-0.433975853413,-0.626904436631,-0.540041189289,0.0,0.0,-0.550502121769
768,-0.433892665843,-0.626904436631,-0.540001935521,0.0,0.0,-0.550554003901
769,-0.434169248057,-0.626904436631,-0.540020701488,0.0,0.0,-0.550564812106
770,-0.434241897326,-0.626904436631,-0.540012084214,0.0,0.0,-0.550542017048
771,-0.434138660524,-0.626904436631,-0.539954899063,0.0,0.0,-0.550529901526
772,-0.434088527645,-0.626904436631,-0.540059343498,0.0,0.0,-0.550526746678
773,-0.434212765915,-0.626904436631,-0.540032717865,0.0,0.0,-0.550571228863
774,-0.434253143679,-0.626904436631,-0.540075751565,0.0,0.0,-0.550593546568
775,-0.433879164666,2.17341438259,-0.54014314618,0.0,0.0,-0.550629563113
776,-0.433928096224,2.1711172317,-0.540260360548,0.0,0.0,-0.550764487892
777,-0.43424523832,2.16882008081,-0.540354700855,0.0,0.0,-0.550932236061
778,-0.434229401469,2.16652292992,-0.540317120305,0.0,0.0,-0.550948430688
779,-0.434287033006,2.16422577903,-0.540327783523,0.0,0.0,-0.550942996137
780,-0.434074113432,2.16192862814,-0.54027463354,0.0,0.0,-0.550894950505
781,-0.43426861793,2.15963147726,-0.540302446226,0.0,0.0,-0.550879462084
782,-0.434131799686,2.15733432637,-0.540311172887,0.0,0.0,-0.550902830751
783,-0.434147849688,2.15503717548,-0.540304860846,0.0,0.0,-0.550897182079
784,-0.434050456972,2.15274002459,-0.540204030237,0.0,0.0,-0.550826565332
785,-0.433972984453,2.1504428737,-0.540170946712,0.0,0.0,-0.550743423483
786,-0.434035826341,2.14814572281,-0.540165197812,0.0,0.0,-0.550704780517
787,-0.434140873698,2.14584857192,-0.540125449776,0.0,0.0,-0.550714961091
788,-0.434175784678,2.14355142104,-0.540074953444,0.0,0.0,-0.550654415894
789,-0.433898135077,2.14125427015,-0.539908494619,0.0,0.0,-0.550519721934
790,-0.434159467625,2.13895711926,-0.539835881834,0.0,0.0,-0.550359674267
791,-0.433948888625,2.13665996837,-0.539918023452,0.0,0.0,-0.550353073837
792,-0.433961287299,2.13436281748,-0.540022860871,0.0,0.0,-0.550454249987
793,-0.434197976034,2.13206566659,-0.539978295751,0.0,0.0,-0.550511773916
794,-0.433297462544,2.1297685157,-0.540102527099,0.0,0.0,-0.550476943877
795,-0.433767217269,2.12747136482,-0.540381974708,0.0,0.0,-0.550837813565
796,-0.434119596196,2.12517421393,-0.540518400694,0.0,0.0,-0.551068083132
797,-0.433911646054,-0.3584823553,-0.540431158395,0.0,0.0,-0.551140082826
798,-0.434057272894,-0.360779506189,-0.540488201748,0.0,0.0,-0.551117932096
799,-0.433996426129,-0.363076657078,-0.540396620427,0.0,0.0,-0.551066943772
800,-0.43405914715,-0.365373807966,-0.540305707583,0.0,0.0,-0.550937841515
801,-0.434231354125,-0.367670958855,-0.540383449409,0.0,0.0,-0.550954116684
802,-0.434224383853,-0.369968109743,-0.54047299694,0.0,0.0,-0.551039398762
803,-0.433980452078,-0.372265260632,-0.540454166151,0.0,0.0,-0.55109895193
804,-0.4340079428,-0.37456241152,-0.540288659399,0.0,0.0,-0.550963522297
805,-0.433888259912,-0.376859562409,-0.540273900242,0.0,0.0,-0.550862878503
806,-0.43378080093,1.94140214284,-0.540269832662,0.0,0.0,-0.550860883641
807,-0.43405526797,1.93910499195,-0.540166737334,0.0,0.0,-0.550790534054
808,-0.434043748033,1.93680784106,-0.540307648191,0.0,0.0,-0.550782896413
809,-0.434091646505,1.93451069017,-0.540266016267,0.0,0.0,-0.550846173128
810,-0.433647656064,1.93221353929,-0.540324100823,0.0,0.0,-0.550900526493
811,-0.433912650558,1.9299163884,-0.540232162981,0.0,0.0,-0.550848956703
812,-0.433993334219,1.92761923751,-0.540073312638,0.0,0.0,-0.55066955072
813,-0.434060562438,1.92532208662,-0.54001039074,0.0,0.0,-0.550545036352
814,-0.434117485922,1.92302493573,-0.539974147143,0.0,0.0,-0.550472836288
815,-0.434049046584,1.92072778484,-0.540129861723,0.0,0.0,-0.550557616458
816,-0.433919719647,1.91843063395,-0.540048947671,0.0,0.0,-0.550625992791
817,-0.434059212483,1.91613348307,-0.539949948283,0.0,0.0,-0.550472005341
818,-0.433865191454,1.91383633218,-0.5399373242,0.0,0.0,-0.550427505475
819,-0.433485982489,1.91153918129,-0.540145151611,0.0,0.0,-0.550492632668
820,-0.433914321463,1.9092420304,-0.540202972828,0.0,0.0,-0.550688004423
821,-0.434085084567,1.90694487951,-0.540249178754,0.0,0.0,-0.5507643936
822,-0.434117207438,1.90464772862,-0.540206975586,0.0,0.0,-0.550780851459
823,-0.433977428768,1.90235057773,-0.540201097041,0.0,0.0,-0.550782965168
824,-0.433763065322,1.90005342685,-0.540538507666,0.0,0.0,-0.550984862706
825,-0.433377251137,1.89775627596,-0.540101465639,0.0,0.0,-0.550946966217
826,-0.43372351811,1.89545912507,-0.539921215935,0.0,0.0,-0.550458673847
827,-0.432751102604,-0.381453864186,-0.539827770982,0.0,0.0,-0.550282637816
828,-0.433587233151,-0.383751015075,-0.540181759831,0.0,0.0,-0.55047241885
829,-0.433694439783,-0.386048165963,-0.540158306424,0.0,0.0,-0.550700575689
830,-0.433675265204,-0.388345316852,-0.540216488213,0.0,0.0,-0.550686285561
831,-0.433457889065,-0.390642467741,-0.5402297119,0.0,0.0,-0.550711433986
832,-0.431922142414,-0.392939618629,-0.539899050865,0.0,0.0,-0.550685171739
833,-0.432863476302,-0.395236769518,-0.539948574867,0.0,0.0,-0.550354690549
834,-0.43348617849,-0.397533920406,-0.539758508683,0.0,0.0,-0.550264079017
835,-0.433940481015,-0.399831071295,-0.540172729317,0.0,0.0,-0.550405032582
836,-0.433871081273,1.71398420487,-0.539795015619,0.0,0.0,-0.550437574078
837,-0.432437575087,1.71168705398,-0.539306537341,0.0,0.0,-0.5498076239
838,-0.432560042818,1.70938990309,-0.539921608918,0.0,0.0,-0.549995015225
839,-0.432483431069,1.7070927522,-0.540326705857,0.0,0.0,-0.550622231921
840,-0.432913554465,1.70479560132,-0.540814989669,0.0,0.0,-0.551165590739
841,-0.433531977305,1.70249845043,-0.541083717341,0.0,0.0,-0.551636969507
842,-0.433902529575,1.70020129954,-0.541254280208,0.0,0.0,-0.551908897415
843,-0.434210436774,1.69790414865,-0.541325551989,0.0,0.0,-0.552134280502
844,-0.433703721229,1.69560699776,-0.541245970839,0.0,0.0,-0.552111985387
845,-0.433666154441,1.69330984687,-0.541610963222,0.0,0.0,-0.552277887007
846,-0.433924007161,1.69101269598,-0.541651626868,0.0,0.0,-0.552543420748
847,-0.434107891691,1.6887155451,-0.541477920134,0.0,0.0,-0.552469557807
848,-0.434222371579,1.68641839421,-0.541394457767,0.0,0.0,-0.552321076609
849,-0.434312247671,1.68412124332,-0.541304148577,0.0,0.0,-0.552201672663
850,-0.43416510836,1.68182409243,-0.541346060047,0.0,0.0,-0.552161427718
851,-0.43421734988,1.67952694154,-0.541261264778,0.0,0.0,-0.552142995623
852,-0.434118425909,1.67722979065,-0.541379589223,0.0,0.0,-0.552160559447
853,-0.433627900017,1.67493263976,-0.541113725872,0.0,0.0,-0.552102784073
854,-0.434173941456,1.67263548888,-0.541067353839,0.0,0.0,-0.551873311077
855,-0.434331948185,1.67033833799,-0.541048352893,0.0,0.0,-0.551795410283
856,-0.434338023388,1.6680411871,-0.54107009662,0.0,0.0,-0.551819080487
857,-0.434305824567,1.66574403621,-0.541029676056,0.0,0.0,-0.551797300049
858,-0.434105850835,-0.404425373072,-0.540988769328,0.0,0.0,-0.55171117622
859,-0.43416804347,-0.406722523961,-0.541125665273,0.0,0.0,-0.551881881814
860,-0.43424312723,-0.409019674849,-0.541003767516,0.0,0.0,-0.551820689342
861,-0.434206910396,-0.411316825738,-0.5410889031,0.0,0.0,-0.551806535741
862,-0.434230112788,-0.413613976626,-0.540956492027,0.0,0.0,-0.551746348067
863,-0.434336905368,-0.415911127515,-0.540898784248,0.0,0.0,-0.551634131911
864,-0.434288044859,-0.418208278404,-0.540922043189,0.0,0.0,-0.551592804574
865,-0.434242317911,-0.420505429292,-0.540907993022,0.0,0.0,-0.551634655428
866,-0.433934624679,-0.422802580181,-0.540757946316,0.0,0.0,-0.551529850023
867,-0.433915153649,-0.448071239955,-0.540976546331,0.0,0.0,-0.551561591021
868,-0.43367499897,-0.427396881958,-0.541220799649,0.0,0.0,-0.551863799385
869,-0.433342697858,-0.429694032846,-0.540791592981,0.0,0.0,-0.551751234546
870,-0.434083489612,-0.431991183735,-0.540591139072,0.0,0.0,-0.551325720911
871,-0.434119570879,-0.434288334624,-0.540751601863,0.0,0.0,-0.551327779617
872,-0.433683602581,-0.436585485512,-0.540507202695,0.0,0.0,-0.55125490183
873,-0.433733380209,-0.438882636401,-0.540279718015,0.0,0.0,-0.550942782998
874,-0.434257652511,-0.441179787289,-0.540260546911,0.0,0.0,-0.550767385402
875,-0.434022963799,-0.443476938178,-0.540214580016,0.0,0.0,-0.550752963658
876,-0.434075128552,-0.445774089067,-0.54014968915,0.0,0.0,-0.55066409849
877,-0.434006303745,-0.448071239955,-0.54032980921,0.0,0.0,-0.550718697406
878,-0.434105386966,-0.427396881958,-0.540424501987,0.0,0.0,-0.550878719536
879,-0.434025652274,-0.429694032846,-0.540351228827,0.0,0.0,-0.550905624147
880,-0.433688108145,-0.431991183735,-0.54025626866,0.0,0.0,-0.550835727358
881,-0.433918692277,-0.434288334624,-0.540153035585,0.0,0.0,-0.550656909717
882,-0.433846991161,-0.436585485512,-0.540351994537,0.0,0.0,-0.550616345555
883,-0.433816206811,-0.438882636401,-0.540159068082,0.0,0.0,-0.550721886632
884,-0.433895380452,-0.441179787289,-0.539860109053,0.0,0.0,-0.550445395392
885,-0.433790608311,-0.443476938178,-0.540022755535,0.0,0.0,-0.550260570574
886,-0.432834966377,-0.445774089067,-0.539497482674,0.0,0.0,-0.550116534844
887,-0.433880154469,-0.448071239955,-0.539372449153,0.0,0.0,-0.549638841468
888,-0.434121916353,-0.443155337054,-0.539279761807,0.0,0.0,-0.549471866296
889,-0.434071981925,-0.443155337054,-0.539259407701,0.0,0.0,-0.549383467675
890,-0.434022065463,-0.443155337054,-0.539114992405,0.0,0.0,-0.549285246986
891,-0.434019653022,-0.443155337054,-0.538991822517,0.0,0.0,-0.549088805607
892,-0.434055190387,-0.443155337054,-0.539162920165,0.0,0.0,-0.549157560089
893,-0.434034007618,-0.443155337054,-0.539210248323,0.0,0.0,-0.549314713192
894,-0.433847317012,-0.443155337054,-0.539121741995,0.0,0.0,-0.549304891124
895,-0.433699681166,-0.443155337054,-0.538956206883,0.0,0.0,-0.549137915952
896,-0.433785355494,-0.443155337054,-0.538951645035,0.0,0.0,-0.548961118711
897,-0.43323956069,-0.468745597952,-0.539047508659,0.0,0.0,-0.549108449745
898,-0.43332901048,-0.471042748841,-0.539456904106,0.0,0.0,-0.549344179399
899,-0.434114869314,-0.450368390844,-0.539426855062,0.0,0.0,-0.549648663536
900,-0.433831897479,-0.452665541732,-0.539563220277,0.0,0.0,-0.54970759595
901,-0.433860652405,-0.454962692621,-0.539499030299,0.0,0.0,-0.549727240088
902,-0.433558412891,-0.457259843509,-0.539609296559,0.0,0.0,-0.549825460777
903,-0.433353894394,-0.459556994398,-0.539328232452,0.0,0.0,-0.549638841468
904,-0.433666074407,-0.461854145287,-0.538985093184,0.0,0.0,-0.549216492503
905,-0.433123495646,-0.464151296175,-0.538899896829,0.0,0.0,-0.548951296642
906,-0.433646972512,-0.466448447064,-0.53883874133,0.0,0.0,-0.54878432147
907,-0.432770964002,-0.468745597952,-0.538601249756,0.0,0.0,-0.548607524229
908,-0.432099016655,-0.471042748841,-0.539267984461,0.0,0.0,-0.548902186297
909,-0.433207661586,-0.450368390844,-0.539516945477,0.0,0.0,-0.549462044227
910,-0.433208118921,-0.452665541732,-0.539375986003,0.0,0.0,-0.549648663536
911,-0.432834778543,-0.454962692621,-0.539064982238,0.0,0.0,-0.548843253883
912,-0.431521606947,-0.457259843509,-0.538813460753,0.0,0.0,-0.548361972505
913,-0.432335360755,-0.459556994398,-0.538524516722,0.0,0.0,-0.547477986301
914,-0.430634508068,-0.461854145287,-0.538506933757,0.0,0.0,-0.546780619406
915,-0.431098662075,-0.464151296175,-0.539951597193,0.0,0.0,-0.548214641471
916,-0.432665082825,-0.466448447064,-0.540353372004,0.0,0.0,-0.549920137664
917,-0.433226559314,-0.468745597952,-0.541213150654,0.0,0.0,-0.550786725056
918,-0.434090446001,-0.471042748841,-0.54119963932,0.0,0.0,-0.551555287217
919,-0.433986821282,-0.466126845939,-0.541219588288,0.0,0.0,-0.55142937124
920,-0.433870839539,-0.466126845939,-0.536144293676,0.0,0.0,-0.547362036777
921,-0.43428722574,-0.466126845939,-0.542946997152,0.0,0.0,-0.542841969761
